0.000000 6.705000 0.000000 0.313590 0.000000 -0.229881 0.000000 2.382044 0.000000 -0.743043 0.000000 -0.229881 0.000000
0.100000 7.173920 0.001844 0.373987 0.125796 -0.213006 0.000822 2.816348 0.000059 -0.529590 0.000341 -0.175984 0.000001
0.200000 7.672873 0.014737 0.432891 0.282607 -0.166328 0.009023 3.265427 -0.002740 -0.167823 0.070673 -0.084408 0.000290
0.300000 8.194588 0.051946 0.502284 0.321163 -0.111469 0.022457 3.779251 0.029700 -0.046930 0.169593 -0.116627 -0.009292
0.400000 8.735712 0.113550 0.584862 0.288579 -0.082113 0.026187 4.331978 0.114515 -0.004700 0.185812 -0.165173 -0.023626
0.500000 9.293023 0.191615 0.688418 0.233617 -0.085909 0.018997 4.886424 0.215004 0.109020 0.200313 -0.156658 -0.026228
0.600000 9.865957 0.284091 0.792927 0.174053 -0.090697 0.012881 5.448256 0.317760 0.275798 0.237916 -0.123391 -0.023807
0.700000 10.456138 0.391930 0.855337 0.151178 -0.073238 0.012254 6.030149 0.434400 0.416529 0.282257 -0.105658 -0.026288
0.800000 11.060752 0.509822 0.884612 0.153143 -0.060741 0.011069 6.625138 0.554667 0.544446 0.315210 -0.073669 -0.025455
0.900000 11.674603 0.629089 0.931372 0.153347 -0.053426 0.009428 7.231179 0.671356 0.700442 0.312946 -0.031526 -0.022595
1.000000 12.296804 0.750200 0.987731 0.132743 -0.042625 0.008620 7.850387 0.800844 0.833122 0.283822 -0.007743 -0.026105
1.100000 12.927497 0.875002 1.025028 0.117225 -0.032774 0.007740 8.479776 0.934744 0.930717 0.249265 0.009744 -0.029987
1.200000 13.565550 1.001734 1.043074 0.120667 -0.021653 0.007126 9.117216 1.067666 0.994735 0.189081 0.019536 -0.033331
1.300000 14.209491 1.128305 1.060170 0.129612 0.002756 0.008299 9.761107 1.197626 1.035525 0.128013 0.005711 -0.037256
1.400000 14.858380 1.255346 1.076061 0.123926 0.025896 0.009177 10.411325 1.321049 1.072778 0.100602 -0.008012 -0.037055
1.500000 15.510986 1.385032 1.067568 0.111435 0.042092 0.008876 11.064243 1.441268 1.124891 0.092720 0.003021 -0.032604
1.600000 16.166418 1.516204 1.033872 0.116594 0.067120 0.009454 11.722118 1.560741 1.176044 0.073274 0.016115 -0.028261
1.700000 16.824776 1.647131 0.993354 0.129794 0.088237 0.009602 12.383941 1.681514 1.209145 0.050166 0.028114 -0.024257
1.800000 17.486865 1.776895 0.961600 0.137246 0.097165 0.008376 13.048344 1.805251 1.237193 0.055371 0.046158 -0.020189
1.900000 18.152117 1.906458 0.936153 0.151379 0.097789 0.006351 13.715380 1.932378 1.261770 0.062460 0.068167 -0.016915
2.000000 18.818932 2.038692 0.903954 0.166820 0.084017 0.002576 14.382168 2.067464 1.247637 0.054573 0.090287 -0.014574
2.100000 19.488805 2.171202 0.886236 0.170012 0.055904 -0.002748 15.057536 2.204787 1.272584 0.058981 0.138220 -0.011324
2.200000 20.161704 2.302747 0.890926 0.174048 0.037953 -0.005216 15.738932 2.339586 1.313135 0.089504 0.172892 -0.009727
2.300000 20.836622 2.434097 0.914022 0.184370 0.014993 -0.008048 16.413229 2.482296 1.288905 0.101991 0.174738 -0.011774
2.400000 21.513101 2.562915 0.970707 0.183391 -0.030741 -0.014396 17.098008 2.626354 1.287089 0.108553 0.194873 -0.012158
2.500000 22.190153 2.692389 1.041576 0.161983 -0.066074 -0.017265 17.781510 2.767652 1.292413 0.124723 0.201044 -0.014364
2.600000 22.869362 2.826624 1.090359 0.138746 -0.070500 -0.013996 18.452445 2.910060 1.277699 0.153495 0.176362 -0.020827
2.700000 23.551644 2.965603 1.101663 0.133851 -0.061817 -0.009379 19.126645 3.054329 1.260033 0.180580 0.154152 -0.027347
2.800000 24.233226 3.101563 1.129057 0.134655 -0.039798 -0.004043 19.798538 3.197246 1.272282 0.192151 0.124762 -0.035616
2.900000 24.914737 3.237996 1.145420 0.111091 0.016834 0.004079 20.469673 3.343797 1.278109 0.179731 0.062481 -0.048524
3.000000 25.594995 3.378513 1.101911 0.096786 0.091831 0.011174 21.158959 3.488588 1.251996 0.158269 -0.005465 -0.058006
3.100000 26.271560 3.519988 1.012360 0.108038 0.146780 0.014140 21.851502 3.618197 1.239916 0.143973 -0.025668 -0.055852
3.200000 26.949569 3.657898 0.930249 0.114867 0.182814 0.014647 22.541438 3.740219 1.249154 0.135670 -0.020333 -0.049220
3.300000 27.626055 3.794499 0.840818 0.109582 0.194656 0.012370 23.220379 3.862951 1.243219 0.122453 0.005697 -0.040863
3.400000 28.298609 3.930772 0.731317 0.107462 0.187864 0.008541 23.892590 3.979803 1.280585 0.095711 0.078991 -0.028847
3.500000 28.971200 4.064349 0.621960 0.109106 0.187196 0.006239 24.579528 4.097449 1.328678 0.073310 0.151267 -0.019909
3.600000 29.643141 4.195731 0.509152 0.098356 0.195173 0.005438 25.267016 4.221763 1.314921 0.078153 0.188556 -0.015863
3.700000 30.312179 4.325227 0.381640 0.085634 0.201698 0.004685 25.954243 4.346761 1.282978 0.089831 0.225948 -0.012890
3.800000 30.979424 4.451353 0.245083 0.079704 0.204475 0.003740 26.640776 4.470616 1.231741 0.089830 0.262715 -0.010971
3.900000 31.648060 4.572432 0.114915 0.067004 0.211330 0.003303 27.317167 4.595991 1.134607 0.107467 0.271084 -0.012189
4.000000 32.315970 4.688335 -0.018868 0.047366 0.216450 0.002788 27.996091 4.716647 1.044220 0.145184 0.286055 -0.013166
4.100000 32.981703 4.798341 -0.162942 0.047539 0.221713 0.002332 28.669613 4.833858 0.930099 0.147053 0.294709 -0.016075
4.200000 33.649774 4.901783 -0.296959 0.044048 0.214290 0.001396 29.335818 4.944387 0.785598 0.115306 0.297495 -0.019111
4.300000 34.319361 4.999095 -0.424395 0.034177 0.205083 0.000635 30.005034 5.043952 0.651534 0.097902 0.303910 -0.019781
4.400000 34.988667 5.090387 -0.553336 0.032639 0.197021 0.000182 30.673745 5.135240 0.515190 0.088621 0.308780 -0.019531
4.500000 35.661791 5.175418 -0.662969 0.043395 0.167465 -0.000933 31.343271 5.218959 0.368276 0.076462 0.321960 -0.018072
4.600000 36.337311 5.255656 -0.758675 0.049673 0.134447 -0.002165 32.020410 5.296743 0.239280 0.063214 0.340908 -0.015979
4.700000 37.016112 5.331388 -0.829354 0.045295 0.108464 -0.002878 32.691873 5.371970 0.110060 0.055579 0.340550 -0.015132
4.800000 37.698008 5.402594 -0.872357 0.035521 0.064268 -0.004040 33.362890 5.444070 -0.038589 0.052441 0.337206 -0.014358
4.900000 38.380712 5.469449 -0.902424 0.008338 0.017515 -0.004477 34.046978 5.508882 -0.156157 0.050804 0.345376 -0.012980
5.000000 39.063601 5.530325 -0.924324 -0.014745 -0.004706 -0.003617 34.716272 5.569392 -0.268487 0.061251 0.326012 -0.013421
5.100000 39.746404 5.584222 -0.934938 -0.005071 -0.015711 -0.002649 35.374872 5.628120 -0.387087 0.085207 0.286671 -0.016059
5.200000 40.428810 5.632355 -0.921259 -0.004079 -0.018462 -0.001963 36.033847 5.684373 -0.474538 0.090307 0.242376 -0.020259
5.300000 41.110565 5.675476 -0.874128 -0.013850 -0.034096 -0.001344 36.695464 5.734290 -0.568169 0.079032 0.193590 -0.024047
5.400000 41.792050 5.713279 -0.817165 -0.019317 -0.058614 -0.000635 37.367731 5.773908 -0.641069 0.087402 0.159223 -0.025306
5.500000 42.473186 5.745843 -0.754552 -0.016334 -0.091316 0.000123 38.050100 5.804108 -0.683330 0.087456 0.144695 -0.024950
5.600000 43.154119 5.773889 -0.689815 -0.010364 -0.127486 0.000627 38.737147 5.828342 -0.721208 0.068994 0.134661 -0.024060
5.700000 43.832339 5.798446 -0.604538 -0.014784 -0.143281 0.000685 39.417398 5.848842 -0.695084 0.055520 0.123711 -0.022510
5.800000 44.509607 5.819470 -0.512323 -0.013930 -0.137901 0.000443 40.086497 5.867513 -0.664218 0.037668 0.090447 -0.021489
5.900000 45.189885 5.836994 -0.441858 -0.008953 -0.120925 0.000130 40.756760 5.879551 -0.663406 0.000747 0.041834 -0.019375
6.000000 45.870623 5.851968 -0.374566 -0.005565 -0.100731 -0.000076 41.432070 5.884537 -0.635546 -0.010850 0.003653 -0.014875
6.100000 46.551492 5.864882 -0.308748 -0.012352 -0.083363 -0.000195 42.111981 5.888958 -0.610736 0.002871 -0.032447 -0.010653
6.200000 47.232702 5.875374 -0.247374 -0.016507 -0.066615 -0.000361 42.794228 5.894735 -0.571166 0.012733 -0.059295 -0.008167
6.300000 47.914639 5.883354 -0.196762 -0.001861 -0.063517 -0.000325 43.474920 5.899343 -0.503653 0.016188 -0.054769 -0.006603
6.400000 48.597238 5.890380 -0.156571 0.021004 -0.063009 -0.000226 44.154501 5.903959 -0.416753 0.024025 -0.034112 -0.005446
6.500000 49.279706 5.898586 -0.114126 0.040012 -0.060190 -0.000121 44.834612 5.910956 -0.323220 0.031232 -0.013836 -0.004858
6.600000 49.961004 5.908811 -0.052770 0.037574 -0.074723 -0.000668 45.516988 5.921727 -0.244578 0.030497 0.008685 -0.004564
6.700000 50.640462 5.920559 0.032899 0.033998 -0.098279 -0.001338 46.201009 5.933697 -0.161443 0.013665 0.031328 -0.004324
6.800000 51.317875 5.933663 0.139508 0.058288 -0.132748 -0.002383 46.887847 5.947143 -0.102282 -0.004109 0.044562 -0.003787
6.900000 51.995124 5.951013 0.248715 0.112384 -0.172181 -0.004532 47.579335 5.967431 -0.053906 0.002869 0.056542 -0.002848
7.000000 52.673670 5.977517 0.350227 0.148989 -0.186098 -0.004767 48.264035 5.993086 0.031916 0.002998 0.063327 -0.002238
7.100000 53.351227 6.014331 0.457050 0.157268 -0.161273 0.000277 48.929904 6.017762 0.110721 0.000258 0.025859 -0.001825
7.200000 54.032245 6.065945 0.541373 0.160473 -0.103808 0.009256 49.598437 6.050209 0.168809 0.016484 -0.043769 -0.001888
7.300000 54.716410 6.133177 0.594448 0.163939 -0.056487 0.014672 50.284783 6.109213 0.211124 0.037398 -0.096664 -0.003284
7.400000 55.400602 6.209798 0.649362 0.164102 -0.047754 0.012670 50.971236 6.195195 0.258652 0.070635 -0.108971 -0.004859
7.500000 56.083173 6.289538 0.737013 0.156991 -0.055568 0.008312 51.651616 6.290262 0.353335 0.112446 -0.097873 -0.006559
7.600000 56.766408 6.378012 0.813411 0.153520 -0.069619 0.004010 52.330122 6.391247 0.462875 0.138514 -0.068577 -0.007334
7.700000 57.452066 6.477862 0.853874 0.147363 -0.076249 0.001887 53.010251 6.494595 0.589054 0.151303 -0.023034 -0.006496
7.800000 58.139088 6.585018 0.876020 0.133893 -0.061435 0.003376 53.693019 6.599563 0.730350 0.147176 0.015919 -0.007090
7.900000 58.825830 6.694147 0.904612 0.114428 -0.028329 0.006716 54.376722 6.715472 0.822667 0.140007 0.011254 -0.013687
8.000000 59.512062 6.802131 0.948566 0.095287 -0.003235 0.007928 55.062706 6.833229 0.896434 0.131634 -0.000663 -0.019507
8.100000 60.198204 6.909988 0.979977 0.077036 0.014516 0.007688 55.749594 6.948677 0.952507 0.128021 -0.007486 -0.022774
8.200000 60.883977 7.017318 0.980842 0.055315 0.009496 0.005589 56.434703 7.061288 0.965601 0.138430 0.003108 -0.022827
8.300000 61.569631 7.120515 0.972296 0.031969 -0.004167 0.003513 57.120263 7.161967 1.009153 0.143186 0.040512 -0.019491
8.400000 62.255239 7.216665 0.979275 0.007336 -0.008109 0.002445 57.808355 7.256224 1.076432 0.132553 0.071837 -0.017780
8.500000 62.940833 7.304463 0.991585 -0.008292 -0.008838 0.001792 58.496361 7.345257 1.126414 0.116419 0.089693 -0.018015
8.600000 63.626519 7.383193 0.995553 -0.020668 -0.009966 0.001344 59.183122 7.425341 1.142110 0.083196 0.096225 -0.018840
8.700000 64.312326 7.452315 0.987749 -0.034604 -0.002874 0.000812 59.867791 7.494320 1.136480 0.047331 0.090050 -0.018937
8.800000 64.998162 7.511073 0.967308 -0.056352 0.012994 -0.000002 60.551951 7.551124 1.123756 0.032180 0.077447 -0.017510
8.900000 65.683881 7.558414 0.936742 -0.069932 0.023388 -0.000617 61.237998 7.594361 1.116396 0.029567 0.077416 -0.015077
9.000000 66.369219 7.593645 0.891142 -0.069426 0.052436 -0.002468 61.925170 7.628571 1.125636 0.018485 0.072810 -0.012956
9.100000 67.053850 7.617904 0.832194 -0.063416 0.085215 -0.004092 62.613017 7.651052 1.099333 -0.000625 0.054427 -0.010884
9.200000 67.736991 7.632528 0.756901 -0.068051 0.107843 -0.004595 63.301398 7.660220 1.085580 -0.018493 0.059444 -0.008271
9.300000 68.417617 7.637487 0.658595 -0.080817 0.144840 -0.006105 63.993334 7.660825 1.089758 -0.044396 0.068610 -0.005322
9.400000 69.095213 7.632569 0.540061 -0.081110 0.178043 -0.007257 64.682656 7.648555 1.039966 -0.074765 0.066462 -0.001476
9.500000 69.769698 7.618977 0.404259 -0.062484 0.196639 -0.006914 65.369408 7.630145 1.016666 -0.077945 0.098905 0.000277
9.600000 70.444802 7.600742 0.271631 -0.038850 0.221832 -0.006597 66.062749 7.607238 1.007768 -0.081374 0.130042 0.001984
9.700000 71.117447 7.579856 0.128171 -0.029038 0.232355 -0.005431 66.746075 7.578502 0.931608 -0.091190 0.150229 0.004199
9.800000 71.794933 7.558481 0.005625 -0.041128 0.207789 -0.003276 67.430604 7.554825 0.875212 -0.101160 0.205121 0.002952
9.900000 72.477834 7.536177 -0.091819 -0.057770 0.173609 -0.000890 68.126588 7.530261 0.829231 -0.101284 0.263765 0.001609
10.000000 73.160342 7.510767 -0.192520 -0.046371 0.144582 0.000945 68.815488 7.497304 0.727328 -0.091778 0.293264 0.003455
10.100000 73.839019 7.482609 -0.319550 -0.010284 0.129151 0.001405 69.508722 7.466520 0.630883 -0.070771 0.323894 0.004680
10.200000 74.517624 7.455843 -0.446557 0.016881 0.129869 0.001201 70.194682 7.437583 0.527774 -0.052297 0.334510 0.006330
10.300000 75.202614 7.432269 -0.524460 0.007085 0.124917 0.000838 70.861401 7.408902 0.384549 -0.055245 0.308769 0.009009
10.400000 75.893986 7.411022 -0.551740 -0.029846 0.108712 0.000685 71.533823 7.383686 0.269233 -0.052297 0.284323 0.011025
10.500000 76.585306 7.389077 -0.581098 -0.042644 0.084014 0.001324 72.204545 7.358000 0.125016 -0.037281 0.256413 0.012327
10.600000 77.274343 7.364626 -0.637577 -0.022497 0.049676 0.002233 72.883119 7.333698 -0.030705 -0.019400 0.245964 0.011644
10.700000 77.963093 7.340332 -0.694440 -0.004846 0.020956 0.002281 73.573578 7.314337 -0.134637 -0.002253 0.253970 0.009668
10.800000 78.652727 7.318045 -0.708670 -0.019465 0.013176 0.001840 74.260899 7.297159 -0.174654 -0.011994 0.250082 0.007546
10.900000 79.342884 7.296794 -0.685245 -0.036584 0.007531 0.001539 74.933974 7.275874 -0.242633 -0.041104 0.213617 0.007226
11.000000 80.033079 7.274335 -0.663685 -0.039508 -0.008396 0.001738 75.615485 7.250283 -0.303892 -0.049626 0.191920 0.008259
11.100000 80.723315 7.250233 -0.650530 -0.034633 -0.026371 0.001979 76.299279 7.223842 -0.374779 -0.030468 0.171862 0.009440
11.200000 81.413495 7.225310 -0.635997 -0.033964 -0.043010 0.002068 76.982647 7.200335 -0.455388 -0.000955 0.145426 0.009259
11.300000 82.103040 7.200187 -0.607362 -0.028728 -0.052285 0.001873 77.671278 7.179418 -0.462742 -0.007199 0.138481 0.007410
11.400000 82.791675 7.175499 -0.561017 -0.012746 -0.055556 0.001502 78.356214 7.155397 -0.460698 -0.047351 0.121625 0.006672
11.500000 83.480322 7.152104 -0.514796 0.001035 -0.059158 0.001156 79.040522 7.127108 -0.476535 -0.073486 0.097064 0.008710
11.600000 84.168966 7.131042 -0.468853 0.007805 -0.066624 0.000840 79.727758 7.100839 -0.483836 -0.073387 0.080487 0.011383
11.700000 84.856311 7.112522 -0.403992 0.001615 -0.084193 0.000522 80.416774 7.078816 -0.482680 -0.073156 0.069404 0.013290
11.800000 85.542349 7.095873 -0.323240 -0.008012 -0.105443 0.000398 81.106452 7.059962 -0.469337 -0.064699 0.060347 0.014577
11.900000 86.228860 7.079998 -0.246251 -0.019309 -0.116735 0.000374 81.795121 7.044711 -0.434888 -0.040713 0.052495 0.014790
12.000000 86.917168 7.063625 -0.184696 -0.024817 -0.118136 0.000294 82.483134 7.031350 -0.398875 -0.026536 0.042354 0.013783
12.100000 87.605424 7.046530 -0.122679 -0.027880 -0.113345 0.000099 83.169750 7.018255 -0.345636 -0.026174 0.033559 0.012174
12.200000 88.292391 7.028540 -0.049281 -0.053315 -0.094803 -0.000568 83.852312 7.003740 -0.286391 -0.027449 0.008467 0.011250
12.300000 88.979036 7.007410 0.026864 -0.076334 -0.080461 -0.001197 84.538056 6.985498 -0.248779 -0.022209 -0.023454 0.010692
12.400000 89.667146 6.979838 0.084773 -0.093921 -0.075724 -0.001278 85.225429 6.960874 -0.183011 -0.025447 -0.024686 0.009376
12.500000 90.356607 6.944370 0.124823 -0.113290 -0.063490 -0.002147 85.912974 6.929672 -0.115821 -0.022709 -0.024775 0.008379
12.600000 91.046536 6.900557 0.157137 -0.136810 -0.051947 -0.002946 86.601726 6.890011 -0.064801 -0.013039 -0.027989 0.007503
12.700000 91.736474 6.847914 0.189115 -0.150725 -0.035613 -0.004513 87.288955 6.842908 0.030133 -0.025467 -0.016039 0.006335
12.800000 92.426576 6.785028 0.213576 -0.137675 -0.008993 -0.007257 87.977569 6.785220 0.120033 -0.052729 -0.013423 0.006226
12.900000 93.116736 6.712990 0.223187 -0.118084 0.013358 -0.008501 88.668303 6.711441 0.168385 -0.077205 -0.018580 0.007792
13.000000 93.806947 6.636400 0.234985 -0.121494 0.009998 -0.006169 89.357218 6.627939 0.213351 -0.085573 -0.000176 0.008387
13.100000 94.497335 6.557618 0.265587 -0.147026 -0.005409 -0.002694 90.047206 6.541308 0.279274 -0.096194 0.031399 0.008206
13.200000 95.187816 6.471963 0.291037 -0.157722 -0.022600 0.000547 90.739633 6.446583 0.323109 -0.107595 0.057121 0.008806
13.300000 95.878808 6.376433 0.293579 -0.141474 -0.025636 0.000985 91.434096 6.349209 0.382403 -0.104926 0.085916 0.009263
13.400000 96.570122 6.274884 0.284760 -0.121077 -0.012456 -0.000904 92.127020 6.247787 0.432186 -0.102148 0.099115 0.011190
13.500000 97.261260 6.172808 0.289159 -0.124139 0.016276 -0.004122 92.815529 6.142869 0.459175 -0.101477 0.080174 0.015743
13.600000 97.952214 6.068029 0.289269 -0.139695 0.047016 -0.007036 93.506170 6.034205 0.470420 -0.114982 0.054018 0.020165
13.700000 98.642339 5.957794 0.272494 -0.146564 0.065491 -0.007911 94.197798 5.918461 0.454638 -0.119654 0.035758 0.023435
13.800000 99.331821 5.842781 0.245958 -0.148203 0.073086 -0.007092 94.888512 5.801219 0.448441 -0.107950 0.037308 0.023842
13.900000 100.021137 5.724389 0.217453 -0.149613 0.076226 -0.005788 95.578873 5.684115 0.454128 -0.083841 0.049653 0.022421
14.000000 100.710168 5.602661 0.185473 -0.152955 0.074784 -0.004117 96.270529 5.566505 0.486559 -0.076171 0.080293 0.019046
14.100000 101.399273 5.478331 0.154645 -0.158659 0.070806 -0.002457 96.964714 5.445453 0.522312 -0.080386 0.114534 0.015839
14.200000 102.088640 5.351645 0.127615 -0.163076 0.068197 -0.001386 97.658541 5.318806 0.535890 -0.094046 0.135636 0.014495
14.300000 102.778382 5.222878 0.106079 -0.160879 0.065411 -0.000568 98.350073 5.186792 0.526246 -0.100105 0.143881 0.015036
14.400000 103.468056 5.091428 0.083506 -0.156043 0.063038 -0.000027 99.042043 5.052797 0.518552 -0.100426 0.153088 0.015657
14.500000 104.157592 4.957828 0.058776 -0.148255 0.061072 0.000297 99.732443 4.915495 0.497384 -0.109928 0.156701 0.016836
14.600000 104.847582 4.824405 0.041542 -0.137920 0.057863 0.000693 100.420576 4.775976 0.461614 -0.116198 0.151501 0.019078
14.700000 105.538052 4.692305 0.032404 -0.120217 0.048042 0.001798 101.109437 4.637627 0.426478 -0.119506 0.149654 0.020731
14.800000 106.228411 4.561683 0.021035 -0.101297 0.033933 0.002978 101.801827 4.504061 0.407813 -0.129196 0.160717 0.020707
14.900000 106.918787 4.434320 0.010548 -0.092535 0.023801 0.003298 102.493371 4.373579 0.386820 -0.135050 0.166270 0.021705
15.000000 107.609166 4.310725 0.000598 -0.086723 0.016680 0.003155 103.183896 4.246682 0.363471 -0.138117 0.167427 0.023305
15.100000 108.299543 4.191050 -0.008301 -0.084707 0.010642 0.002896 103.875733 4.125302 0.351520 -0.144309 0.172201 0.024245
15.200000 108.989975 4.075524 -0.011240 -0.085019 0.012493 0.002036 104.564363 4.005855 0.339384 -0.148704 0.166084 0.026811
15.300000 109.680300 3.962461 -0.021182 -0.097559 0.025219 0.000424 105.248082 3.886099 0.302486 -0.139137 0.140795 0.031607
15.400000 110.370519 3.850744 -0.035950 -0.100009 0.036260 -0.000768 105.933784 3.771758 0.262946 -0.122737 0.118311 0.034260
15.500000 111.060787 3.740567 -0.049532 -0.091740 0.040355 -0.001014 106.622422 3.664583 0.238466 -0.103550 0.109237 0.033495
15.600000 111.751313 3.632847 -0.056773 -0.094279 0.039210 -0.000682 107.311782 3.561435 0.218598 -0.092770 0.104687 0.031281
15.700000 112.442009 3.527061 -0.059721 -0.099441 0.036114 -0.000226 108.001535 3.460523 0.202843 -0.084684 0.102034 0.028756
15.800000 113.132674 3.422277 -0.063547 -0.089299 0.032024 0.000224 108.692090 3.361320 0.194554 -0.076382 0.104177 0.025933
15.900000 113.823649 3.320278 -0.056339 -0.072866 0.013034 0.001709 109.384580 3.262859 0.188246 -0.085819 0.117341 0.022656
16.000000 114.514830 3.222582 -0.032623 -0.059881 -0.014741 0.003226 110.080622 3.167517 0.195246 -0.100919 0.138018 0.019786
16.100000 115.206018 3.129212 -0.003143 -0.053401 -0.034866 0.003671 110.776260 3.074436 0.206494 -0.115005 0.150221 0.018952
16.200000 115.898113 3.038642 -0.000137 -0.044402 -0.031801 0.002687 111.467456 2.981910 0.210544 -0.125921 0.147542 0.020625
16.300000 116.590804 2.951892 -0.014633 -0.023633 -0.021136 0.001614 112.156894 2.891285 0.197492 -0.127238 0.137310 0.023434
16.400000 117.283074 2.871662 -0.006705 -0.003354 -0.006833 0.000934 112.843914 2.805301 0.190945 -0.116118 0.116174 0.026909
16.500000 117.975111 2.798859 0.026935 0.003981 0.007856 0.000637 113.530101 2.726083 0.180734 -0.102550 0.081369 0.030313
16.600000 118.666928 2.733627 0.037608 0.016165 0.000659 0.000371 114.219861 2.661791 0.138225 -0.098197 0.064587 0.030216
16.700000 119.358622 2.676286 0.028340 0.021646 -0.020084 -0.000081 114.914841 2.615428 0.137145 -0.096927 0.089354 0.025762
16.800000 120.050135 2.626237 0.027472 0.020738 -0.024590 -0.000160 115.608825 2.571823 0.157517 -0.090009 0.103584 0.023082
16.900000 120.741410 2.582708 0.037005 0.020375 -0.017315 0.000019 116.298526 2.530160 0.168758 -0.068232 0.096998 0.022472
17.000000 121.432439 2.544915 0.060062 0.015749 -0.019155 -0.000010 116.989945 2.497876 0.193270 -0.046462 0.099553 0.020437
17.100000 122.123414 2.512036 0.086259 0.001748 -0.023202 -0.000061 117.679915 2.471661 0.196503 -0.020910 0.093262 0.017963
17.200000 122.814232 2.482404 0.118882 -0.016681 -0.033119 0.000022 118.368045 2.450412 0.155692 0.017014 0.070044 0.014807
17.300000 123.504791 2.454274 0.158667 -0.021229 -0.058508 0.000464 119.061349 2.432148 0.143911 0.049690 0.072397 0.010540
17.400000 124.194713 2.427183 0.210401 -0.019629 -0.076458 0.000714 119.755529 2.414672 0.183032 0.056150 0.084855 0.006064
17.500000 124.887170 2.400120 0.227625 -0.024688 -0.057001 0.000151 120.442822 2.400802 0.204008 0.055206 0.066851 0.000633
17.600000 125.582049 2.372389 0.206309 -0.027647 -0.021712 -0.000783 121.132797 2.384814 0.210330 0.051243 0.043612 -0.003814
17.700000 126.276930 2.344768 0.187185 -0.015223 0.022825 -0.001655 121.827156 2.363851 0.247716 0.027140 0.024065 -0.006419
17.800000 126.971666 2.318352 0.167793 0.003980 0.082462 -0.001892 122.530398 2.337782 0.270954 -0.002499 -0.016992 -0.006934
17.900000 127.663571 2.294783 0.115827 0.012787 0.111982 -0.001432 123.230822 2.309234 0.239618 -0.014908 -0.037457 -0.005400
18.000000 128.354054 2.274592 0.050316 0.013000 0.104329 -0.001210 123.915958 2.285511 0.258574 -0.022304 0.008494 -0.004163
18.100000 129.046298 2.257310 0.001427 0.021627 0.092413 -0.001090 124.606978 2.265074 0.290831 -0.032957 0.057226 -0.003068
18.200000 129.737724 2.243828 -0.056901 0.029693 0.080673 -0.001085 125.302950 2.249520 0.315809 -0.036926 0.106864 -0.002219
18.300000 130.427999 2.234634 -0.129104 0.026469 0.073299 -0.001021 126.007997 2.239602 0.362564 -0.035284 0.168570 -0.001936
18.400000 131.118491 2.228664 -0.198534 0.017965 0.081406 -0.000600 126.708924 2.230101 0.366703 -0.025727 0.193998 -0.000562
18.500000 131.811580 2.224445 -0.236289 0.021369 0.079372 -0.000470 127.398331 2.221985 0.305036 -0.021331 0.185109 0.001181
18.600000 132.507480 2.221835 -0.238407 0.027935 0.052749 -0.000993 128.092926 2.219361 0.258834 -0.011621 0.192190 0.001922
18.700000 133.204123 2.221401 -0.228614 0.014015 0.013680 -0.001659 128.788364 2.221356 0.190810 0.009955 0.196621 0.001929
18.800000 133.900849 2.222253 -0.222168 0.007558 -0.027970 -0.001785 129.487133 2.225453 0.111612 0.031108 0.200125 0.000993
18.900000 134.597106 2.223684 -0.211984 0.015568 -0.065481 -0.001723 130.192931 2.230567 0.067516 0.049059 0.213762 -0.000407
19.000000 135.291714 2.226029 -0.174240 0.028630 -0.073015 -0.001361 130.883942 2.239013 0.063306 0.054280 0.202188 -0.003481
19.100000 135.986762 2.230967 -0.143297 0.036034 -0.053909 -0.000426 131.558138 2.251921 0.021120 0.047616 0.149140 -0.008173
19.200000 136.682522 2.239223 -0.123447 0.049285 -0.036117 0.000345 132.240523 2.263908 -0.030739 0.031407 0.098421 -0.010928
19.300000 137.377459 2.250186 -0.080797 0.069121 -0.037059 0.000180 132.930838 2.274524 -0.066624 0.012050 0.063788 -0.010965
19.400000 138.071425 2.264620 -0.011528 0.080254 -0.047448 -0.000620 133.623726 2.286157 -0.094567 -0.007271 0.030314 -0.009261
19.500000 138.766609 2.286693 0.036252 0.087412 -0.061942 -0.001615 134.320627 2.304799 -0.080735 -0.012712 0.029620 -0.006809
19.600000 139.465256 2.319568 0.026824 0.084603 -0.052394 -0.000444 135.018572 2.330504 -0.036704 -0.009238 0.044148 -0.004683
19.700000 140.164704 2.358593 0.005433 0.080149 -0.017610 0.002476 135.714980 2.360024 0.005036 0.004095 0.037482 -0.003076
19.800000 140.863886 2.400280 0.003363 0.077147 0.025343 0.005280 136.414228 2.395530 0.052223 0.022045 0.016236 -0.002763
19.900000 141.563086 2.444426 0.014331 0.073018 0.064620 0.007011 137.118491 2.438376 0.089646 0.029937 -0.011564 -0.003762
20.000000 142.259259 2.494351 -0.019681 0.059599 0.079962 0.006467 137.817984 2.492054 0.067097 0.040266 -0.021899 -0.004699
