0.000000 6.705000 0.000000 -0.082573 0.000000 -0.143005 0.000000 4.545455 0.000000 0.000000 0.000000 0.000000 0.000000
0.100000 7.172634 0.000804 -0.029548 0.078308 -0.131116 0.000363 4.857068 0.017688 -0.102825 1.199963 0.244524 -0.005157
0.200000 7.668667 0.008712 0.028749 0.174042 -0.099573 0.003618 5.124509 0.142636 0.034909 0.549649 0.332898 -0.013507
0.300000 8.190364 0.033590 0.079099 0.186829 -0.072541 0.007242 5.354766 0.309489 0.014049 -0.197074 0.187026 -0.015600
0.400000 8.733593 0.073981 0.129482 0.154298 -0.063227 0.007202 5.553361 0.445304 0.153139 -0.381931 -0.000255 -0.017773
0.500000 9.294940 0.124282 0.186599 0.120731 -0.064981 0.005241 5.725424 0.533704 0.083004 -0.244185 0.017276 -0.015204
0.600000 9.873191 0.183131 0.230283 0.107574 -0.054703 0.005030 5.873748 0.594398 -0.012581 -0.034774 0.184920 -0.012423
0.700000 10.466317 0.248932 0.254692 0.104739 -0.039338 0.005388 6.003117 0.644224 -0.164075 -0.034407 0.102249 -0.013141
0.800000 11.071775 0.319521 0.271394 0.103170 -0.034790 0.004557 6.114084 0.687111 -0.051824 -0.007160 0.007244 -0.012391
0.900000 11.687115 0.392050 0.301342 0.099577 -0.032079 0.003701 6.209291 0.723084 0.076901 -0.073004 0.057469 -0.010120
1.000000 12.311269 0.466734 0.334830 0.088147 -0.023963 0.003529 6.291045 0.746697 0.067025 -0.125034 0.088276 -0.008765
1.100000 12.943497 0.543972 0.353631 0.081508 -0.017207 0.003238 6.362328 0.758667 -0.076046 0.001632 0.045285 -0.008382
1.200000 13.582694 0.623029 0.356872 0.086182 -0.011340 0.002924 6.424652 0.768408 -0.133881 0.074406 0.090839 -0.007715
1.300000 14.227693 0.702864 0.360152 0.092747 0.001662 0.003318 6.478555 0.783363 -0.001421 0.029524 0.152179 -0.008050
1.400000 14.877662 0.783667 0.365713 0.088990 0.015428 0.003743 6.523755 0.799497 0.048600 -0.090790 0.124234 -0.008733
1.500000 15.531681 0.866450 0.356690 0.080954 0.029859 0.004059 6.563482 0.807898 -0.069734 -0.049355 0.168364 -0.009369
1.600000 16.188965 0.950558 0.330784 0.081405 0.047302 0.004458 6.598604 0.812110 -0.054389 0.055646 0.158018 -0.010745
1.700000 16.849256 1.035001 0.299622 0.088877 0.058855 0.004318 6.628020 0.820986 0.024404 0.047355 0.069667 -0.011228
1.800000 17.512800 1.119147 0.275956 0.087039 0.062794 0.003600 6.652844 0.831837 0.163485 -0.042640 0.024380 -0.009851
1.900000 18.179193 1.202911 0.258985 0.086403 0.064654 0.002859 6.674385 0.838219 0.145486 0.047111 -0.013775 -0.008089
2.000000 18.847085 1.287652 0.232528 0.095632 0.058404 0.001588 6.693849 0.847756 0.046027 0.116313 -0.125931 -0.005377
2.100000 19.517215 1.372460 0.213861 0.102898 0.040506 -0.000540 6.711668 0.862663 0.074097 0.034138 -0.205330 -0.000886
2.200000 20.189480 1.457265 0.208755 0.103804 0.022937 -0.002218 6.727447 0.876156 0.053978 0.005981 -0.133797 0.003670
2.300000 20.863341 1.542216 0.215949 0.108435 0.007294 -0.003338 6.741644 0.887998 0.135921 0.084794 -0.219799 0.007053
2.400000 21.538461 1.626688 0.243798 0.117093 -0.021154 -0.005629 6.756515 0.903801 0.117792 0.069525 -0.320775 0.011993
2.500000 22.214184 1.711657 0.287702 0.118559 -0.049057 -0.007493 6.768491 0.919170 0.029379 -0.044693 -0.202288 0.016750
2.600000 22.891174 1.799894 0.323614 0.112367 -0.058207 -0.006785 6.776296 0.928412 -0.292026 -0.056746 0.004472 0.017781
2.700000 23.570281 1.892755 0.333878 0.106682 -0.051219 -0.004387 6.786128 0.933462 -0.362363 -0.065535 0.142560 0.014027
2.800000 24.249594 1.986045 0.350421 0.096636 -0.030239 -0.001138 6.795369 0.934748 -0.097240 -0.157785 0.307083 0.007765
2.900000 24.929165 2.079396 0.365846 0.074122 0.008541 0.002640 6.798881 0.923381 0.060951 -0.286948 0.434261 0.001009
3.000000 25.608581 2.172626 0.353642 0.047508 0.046067 0.004654 6.800630 0.892188 -0.071250 -0.167669 0.311194 -0.006310
3.100000 26.286770 2.263606 0.305883 0.042797 0.071404 0.004839 6.804850 0.854042 -0.095111 0.045556 0.207984 -0.011211
3.200000 26.965273 2.350351 0.257696 0.052403 0.092138 0.004622 6.805013 0.825049 0.141259 0.064131 0.188126 -0.012247
3.300000 27.643748 2.433877 0.207805 0.043759 0.106889 0.004214 6.803994 0.799644 0.121078 -0.211291 0.104171 -0.010688
3.400000 28.320674 2.514272 0.141415 0.024890 0.112252 0.003410 6.804818 0.759465 -0.005704 -0.092893 0.004646 -0.009256
3.500000 28.996517 2.590024 0.063447 0.026253 0.110534 0.002528 6.805995 0.714808 -0.044804 0.083545 -0.020648 -0.007317
3.600000 29.672892 2.661137 -0.011447 0.034312 0.111339 0.001916 6.807238 0.679134 0.000756 0.052708 0.038509 -0.005556
3.700000 30.349414 2.728731 -0.086475 0.033951 0.116394 0.001598 6.808431 0.650209 -0.008885 -0.053537 0.053441 -0.004383
3.800000 31.025490 2.793260 -0.166604 0.028766 0.120952 0.001341 6.809586 0.619798 0.002566 -0.038558 0.024619 -0.003629
3.900000 31.702553 2.854200 -0.239708 0.022475 0.117891 0.000933 6.810912 0.586610 0.133271 -0.092136 -0.078218 -0.002957
4.000000 32.380683 2.911220 -0.304908 0.011200 0.112117 0.000575 6.812428 0.546969 0.064728 -0.122634 -0.017643 -0.002015
4.100000 33.057637 2.963990 -0.381321 0.001487 0.112405 0.000417 6.813151 0.501200 -0.024613 -0.062592 -0.023481 -0.001271
4.200000 33.734933 3.011959 -0.455319 -0.003106 0.103477 0.000315 6.813829 0.453312 0.006658 -0.046348 -0.130089 -0.001045
4.300000 34.413133 3.055091 -0.521196 -0.012416 0.093680 0.000268 6.814404 0.404428 0.047487 -0.164789 -0.024170 -0.000975
4.400000 35.092341 3.093003 -0.577066 -0.032792 0.091799 0.000243 6.815104 0.344001 0.120706 -0.216473 -0.081745 -0.000832
4.500000 35.771981 3.124403 -0.628861 -0.050190 0.076108 0.000789 6.816428 0.271391 -0.002783 -0.123527 -0.211628 -0.002083
4.600000 36.451972 3.148554 -0.675721 -0.055924 0.060300 0.001369 6.816567 0.197067 0.024347 -0.021429 -0.088972 -0.003136
4.700000 37.133095 3.166282 -0.704248 -0.060333 0.047086 0.001785 6.818125 0.126388 0.153378 -0.074863 -0.208453 -0.004098
4.800000 37.815056 3.177793 -0.715915 -0.069546 0.019914 0.003019 6.821364 0.056339 0.081957 -0.095460 -0.293352 -0.006862
4.900000 38.497308 3.182920 -0.713468 -0.075303 -0.002592 0.003844 6.823120 -0.012497 0.044444 0.006804 -0.148763 -0.009095
5.000000 39.179650 3.180831 -0.711583 -0.070787 -0.012021 0.003611 6.822912 -0.073858 -0.128277 0.043405 -0.067952 -0.009198
5.100000 39.862116 3.171811 -0.718936 -0.070869 -0.019092 0.003216 6.821667 -0.126323 -0.170435 -0.048911 -0.039950 -0.008534
5.200000 40.544252 3.158309 -0.708747 -0.075200 -0.019457 0.002453 6.821697 -0.177573 0.116159 0.015855 -0.006644 -0.007027
5.300000 41.225802 3.141510 -0.668678 -0.071409 -0.025347 0.002254 6.823397 -0.224170 0.308228 0.035784 -0.108008 -0.005737
5.400000 41.907201 3.120541 -0.620271 -0.067970 -0.040189 0.002710 6.827110 -0.263245 0.139898 0.024264 -0.180338 -0.006061
5.500000 42.588877 3.094987 -0.579063 -0.070212 -0.060941 0.003442 6.828300 -0.297358 -0.013843 -0.065196 -0.232686 -0.007911
5.600000 43.270325 3.065742 -0.534221 -0.078023 -0.083580 0.004211 6.827033 -0.331577 -0.109976 -0.060209 -0.201155 -0.010145
5.700000 43.950716 3.033249 -0.476953 -0.076351 -0.096551 0.004176 6.826295 -0.365913 -0.034519 0.058373 -0.052968 -0.010559
5.800000 44.630560 2.997439 -0.413613 -0.072773 -0.093562 0.002956 6.826898 -0.393445 -0.088154 -0.005519 0.093130 -0.008892
5.900000 45.311590 2.957456 -0.362895 -0.076715 -0.082638 0.001422 6.828583 -0.419915 -0.125220 -0.066872 0.125250 -0.005230
6.000000 45.992902 2.913914 -0.315282 -0.083231 -0.068661 -0.000041 6.829795 -0.451997 -0.054807 -0.029324 0.171341 -0.001473
6.100000 46.674634 2.866301 -0.274041 -0.081021 -0.049349 -0.001622 6.830367 -0.486297 0.009041 0.058278 0.199461 0.001965
6.200000 47.356662 2.815136 -0.238915 -0.075434 -0.033280 -0.002525 6.829637 -0.514948 0.040051 0.039084 0.113947 0.005021
6.300000 48.039250 2.760247 -0.222446 -0.075574 -0.017550 -0.003109 6.830456 -0.539631 -0.164828 -0.028885 0.235610 0.006891
6.400000 48.722346 2.701215 -0.233991 -0.075140 0.011283 -0.004496 6.835286 -0.564784 -0.152615 0.080304 0.293856 0.009395
6.500000 49.405402 2.639908 -0.254984 -0.056744 0.033827 -0.005020 6.836822 -0.581763 -0.007595 0.257267 0.152386 0.010813
6.600000 50.088704 2.579168 -0.269862 -0.031622 0.045733 -0.004454 6.835073 -0.571859 0.222721 0.222610 0.111765 0.010791
6.700000 50.772620 2.521404 -0.271335 -0.015289 0.049932 -0.003544 6.833357 -0.540299 0.323647 0.112074 -0.078229 0.009786
6.800000 51.456320 2.467431 -0.277904 -0.006969 0.030534 -0.002455 6.836656 -0.502908 0.085249 0.073333 -0.276578 0.007898
6.900000 52.139813 2.417788 -0.289414 0.006745 0.004154 -0.001707 6.836355 -0.460976 -0.049648 0.211514 -0.213867 0.006370
7.000000 52.823324 2.373355 -0.289235 0.030174 -0.013277 -0.001438 6.835643 -0.404151 -0.001322 0.228911 -0.146509 0.005231
7.100000 53.506833 2.335770 -0.283360 0.046322 -0.023844 -0.001376 6.834951 -0.332513 -0.143091 0.088824 -0.069253 0.004130
7.200000 54.190450 2.306170 -0.282130 0.052692 -0.023353 -0.000980 6.834856 -0.257532 -0.120813 0.040261 0.082632 0.003048
7.300000 54.874023 2.284154 -0.278083 0.058527 -0.013460 -0.000222 6.835599 -0.183316 0.033007 0.103709 0.040248 0.001204
7.400000 55.557307 2.268583 -0.253943 0.074419 -0.020208 -0.000589 6.836933 -0.102776 0.261452 0.203044 -0.140929 0.001467
7.500000 56.240112 2.259557 -0.205130 0.090442 -0.037737 -0.001809 6.842201 -0.012030 0.280670 0.052617 -0.208789 0.003784
7.600000 56.923184 2.259698 -0.159818 0.085976 -0.055707 -0.002939 6.844748 0.069139 -0.057299 -0.102758 -0.129118 0.005910
7.700000 57.607758 2.269838 -0.141060 0.077174 -0.064978 -0.003027 6.842765 0.135418 -0.369938 -0.035126 -0.059815 0.007186
7.800000 58.292443 2.286523 -0.124401 0.082052 -0.064237 -0.002250 6.842861 0.189706 -0.162078 0.113919 0.077534 0.006483
7.900000 58.975657 2.307496 -0.084523 0.094344 -0.050760 -0.000555 6.843008 0.250488 0.098304 0.108311 0.178431 0.002916
8.000000 59.658447 2.334489 -0.037633 0.095786 -0.031956 0.001349 6.839981 0.316108 0.154101 -0.050638 0.156514 -0.001185
8.100000 60.341764 2.369371 -0.008181 0.092981 -0.024174 0.001803 6.839063 0.375002 -0.011171 0.009012 0.015899 -0.003948
8.200000 61.025462 2.411166 0.005614 0.096940 -0.023805 0.001430 6.838915 0.429856 -0.075756 0.053645 0.016115 -0.003896
8.300000 61.709115 2.457998 0.021091 0.099821 -0.020053 0.001433 6.838886 0.483403 -0.010132 -0.010705 0.050989 -0.003578
8.400000 62.392697 2.509429 0.039660 0.096406 -0.015473 0.001521 6.838638 0.531307 0.033988 -0.036819 0.033719 -0.003698
8.500000 63.076255 2.564940 0.059370 0.097312 -0.012996 0.001388 6.838320 0.572674 0.064161 0.059793 0.019114 -0.003631
8.600000 63.759799 2.624269 0.079622 0.103293 -0.012421 0.001100 6.838079 0.614437 0.038058 0.040208 -0.007195 -0.003127
8.700000 64.443424 2.688270 0.092988 0.105659 -0.011208 0.000951 6.837973 0.655305 -0.072042 0.014175 0.041426 -0.002493
8.800000 65.127155 2.757124 0.096460 0.106345 -0.004932 0.001357 6.838394 0.693488 -0.091461 0.001630 0.073191 -0.002932
8.900000 65.810893 2.829615 0.098653 0.106907 0.002824 0.001840 6.838632 0.729025 -0.058210 0.008338 0.109738 -0.003989
9.000000 66.494555 2.906399 0.090617 0.106932 0.021020 0.003296 6.839898 0.762634 -0.094860 0.001193 0.239320 -0.006367
9.100000 67.178008 2.987255 0.071637 0.111612 0.043769 0.004907 6.840395 0.796429 -0.012070 0.114639 0.175866 -0.010849
9.200000 67.861351 3.071466 0.049811 0.122305 0.054296 0.004916 6.839213 0.838583 0.079409 0.017825 0.049197 -0.012607
9.300000 68.544714 3.158984 0.028867 0.113894 0.063265 0.004770 6.837440 0.877128 0.077718 -0.164740 0.160385 -0.011475
9.400000 69.226723 3.250954 -0.011715 0.095578 0.080752 0.005451 6.836469 0.898348 -0.104572 -0.146878 0.158336 -0.012054
9.500000 69.906413 3.346259 -0.081191 0.093116 0.098682 0.005810 6.838390 0.907020 -0.199286 0.103530 0.217183 -0.013980
9.600000 70.585081 3.442752 -0.161640 0.111305 0.124368 0.006872 6.840483 0.922459 -0.047869 0.217763 0.283579 -0.017357
9.700000 71.263758 3.540734 -0.241973 0.119513 0.145267 0.007479 6.838654 0.955457 0.122994 -0.053118 0.062656 -0.018865
9.800000 71.944822 3.638648 -0.305944 0.102268 0.136682 0.004721 6.839458 0.975882 0.332504 -0.284326 -0.210392 -0.016132
9.900000 72.629209 3.734116 -0.345813 0.066446 0.107710 0.000918 6.848862 0.957995 0.337513 -0.398434 -0.361978 -0.010341
10.000000 73.314257 3.826056 -0.380726 0.035486 0.069041 -0.001636 6.856431 0.909506 0.056062 -0.155541 -0.396327 -0.002427
10.100000 73.998773 3.912906 -0.423248 0.029819 0.031314 -0.002692 6.852436 0.851953 -0.222529 -0.062378 -0.325080 0.004406
10.200000 74.683535 3.993715 -0.453230 0.014161 0.013051 -0.002627 6.849196 0.791842 -0.093407 -0.239695 -0.040474 0.005891
10.300000 75.368627 4.067584 -0.459452 -0.011602 0.014621 -0.002037 6.849490 0.712860 0.094160 -0.232572 0.008907 0.005807
10.400000 76.053725 4.133272 -0.463505 -0.023835 0.009091 -0.001420 6.850105 0.622820 0.046159 -0.041492 -0.097364 0.004176
10.500000 76.738832 4.190525 -0.465000 -0.026289 0.002407 -0.000907 6.850564 0.537666 0.010485 -0.021885 -0.005072 0.002807
10.600000 77.423902 4.239590 -0.474058 -0.031540 0.006089 -0.000767 6.850873 0.459162 -0.164064 -0.121139 0.024121 0.002199
10.700000 78.108877 4.280394 -0.499717 -0.043880 0.007597 -0.000624 6.851246 0.380809 -0.154907 -0.087294 0.018681 0.001793
10.800000 78.793937 4.313642 -0.514636 -0.048537 0.013409 -0.000729 6.851557 0.300130 0.022774 -0.016266 0.103079 0.001727
10.900000 79.479085 4.339542 -0.521194 -0.050195 0.026312 -0.001161 6.850528 0.224141 0.111011 -0.017266 0.126240 0.002487
11.000000 80.164043 4.357990 -0.534082 -0.046783 0.032414 -0.001185 6.849973 0.155122 0.077703 0.085102 -0.028914 0.003005
11.100000 80.849164 4.370559 -0.540808 -0.040988 0.018529 -0.000321 6.851923 0.098951 0.189896 0.010070 -0.221519 0.002034
11.200000 81.534722 4.378993 -0.524392 -0.044524 -0.004479 0.000710 6.856886 0.049119 0.185389 -0.070464 -0.212277 -0.000853
11.300000 82.220359 4.382577 -0.506372 -0.051849 -0.022526 0.001377 6.858514 -0.000045 -0.006608 -0.049150 -0.173907 -0.002984
11.400000 82.906015 4.381046 -0.490526 -0.049513 -0.042023 0.002034 6.857286 -0.046458 -0.098634 0.101917 -0.214299 -0.004006
11.500000 83.591165 4.375714 -0.463534 -0.040877 -0.059653 0.002372 6.855689 -0.081049 -0.042560 -0.001621 -0.100112 -0.005219
11.600000 84.275212 4.367801 -0.417540 -0.050729 -0.062383 0.001934 6.855689 -0.111879 0.086828 -0.138540 0.012022 -0.005298
11.700000 84.959015 4.356225 -0.367506 -0.059872 -0.064111 0.001560 6.855804 -0.151180 0.020497 -0.027258 -0.064618 -0.004307
11.800000 85.642871 4.340363 -0.318409 -0.055503 -0.072875 0.001668 6.855989 -0.188723 0.026762 0.095474 -0.089217 -0.003919
11.900000 86.326335 4.321316 -0.263720 -0.045458 -0.076569 0.001470 6.856175 -0.214730 -0.012995 0.070772 0.021064 -0.003901
12.000000 87.010489 4.299463 -0.218057 -0.045401 -0.071945 0.000914 6.856573 -0.233179 -0.092684 -0.049098 0.054393 -0.002884
12.100000 87.694984 4.275284 -0.176937 -0.047672 -0.067178 0.000463 6.856997 -0.253328 -0.065315 0.033338 0.055213 -0.001694
12.200000 88.379667 4.248957 -0.138700 -0.036634 -0.056696 -0.000112 6.857638 -0.269287 -0.037754 0.176559 0.162687 -0.000960
12.300000 89.064520 4.221666 -0.103375 -0.019096 -0.039976 -0.000631 6.857402 -0.268672 0.060461 0.154279 0.124547 0.000152
12.400000 89.749597 4.195031 -0.073889 -0.007944 -0.033034 -0.000646 6.857021 -0.254964 0.013094 0.067239 0.038294 0.001283
12.500000 90.434926 4.170022 -0.051816 -0.004690 -0.027142 -0.000541 6.856917 -0.236997 0.029686 0.010093 0.089774 0.001379
12.600000 91.120324 4.146931 -0.032433 0.001399 -0.020419 -0.000437 6.856652 -0.217540 0.009303 0.117930 0.035044 0.001099
12.700000 91.805971 4.126239 -0.025337 0.013444 -0.017051 -0.000314 6.856839 -0.190848 -0.104319 0.086921 0.052365 0.000805
12.800000 92.491724 4.108738 -0.023987 0.016747 -0.006652 -0.000082 6.857506 -0.158342 -0.049925 -0.024134 0.144074 0.000448
12.900000 93.177514 4.094498 -0.028354 0.012949 0.007211 0.000153 6.858057 -0.129463 0.024959 -0.029588 0.078309 0.000006
13.000000 93.863393 4.082733 -0.022113 0.013655 0.006370 0.000121 6.858407 -0.105057 0.219474 0.058552 -0.069439 -0.000274
13.100000 94.549387 4.073181 0.001090 0.019334 -0.004494 -0.000074 6.861062 -0.077942 0.219918 0.022925 -0.139495 0.000119
13.200000 95.235442 4.066292 0.020535 0.014713 -0.017748 -0.000295 6.862676 -0.054019 0.002294 -0.110132 -0.113034 0.000272
13.300000 95.921793 4.061547 0.023653 0.002277 -0.028750 -0.000355 6.861256 -0.039717 -0.226496 -0.109878 -0.100346 0.000391
13.400000 96.608154 4.057546 0.024886 -0.004616 -0.031470 -0.000303 6.860577 -0.036680 -0.148188 -0.035783 0.061692 0.000723
13.500000 97.294255 4.053527 0.034423 -0.007466 -0.017718 -0.000309 6.861550 -0.039170 -0.021597 -0.032543 0.189492 0.000874
13.600000 97.980362 4.049119 0.041328 -0.013154 0.001796 -0.000396 6.861258 -0.045462 0.016324 -0.084681 0.183207 0.001263
13.700000 98.666431 4.043641 0.033271 -0.023000 0.018085 -0.000534 6.861405 -0.058724 -0.011832 -0.112787 0.131810 0.001675
13.800000 99.352441 4.036392 0.019929 -0.034812 0.027793 -0.000629 6.861187 -0.081608 0.065121 -0.122721 0.061520 0.001829
13.900000 100.038433 4.026518 0.006174 -0.046881 0.031451 -0.000599 6.860932 -0.114027 0.038485 -0.110499 0.028577 0.001684
14.000000 100.724257 4.012966 -0.012896 -0.057163 0.033862 -0.000562 6.860845 -0.153172 0.028417 -0.097328 0.016433 0.001540
14.100000 101.410024 3.995265 -0.033567 -0.065585 0.032824 -0.000355 6.860817 -0.197133 -0.003436 -0.071382 -0.033651 0.001142
14.200000 102.095797 3.973140 -0.053968 -0.072288 0.030540 -0.000119 6.860790 -0.243221 -0.005770 -0.062509 0.006533 0.000497
14.300000 102.781523 3.946260 -0.075801 -0.076854 0.035708 -0.000458 6.860874 -0.290223 -0.034196 -0.020483 0.082983 0.000772
14.400000 103.466913 3.914084 -0.106809 -0.076263 0.043526 -0.000934 6.861316 -0.335152 -0.062923 0.024080 0.068341 0.001778
14.500000 104.152379 3.877895 -0.136454 -0.073248 0.047794 -0.001037 6.861319 -0.374347 0.057487 0.027641 0.020426 0.002449
14.600000 104.838334 3.839011 -0.155768 -0.071371 0.049032 -0.000881 6.861094 -0.407367 0.148602 0.013734 0.008512 0.002354
14.700000 105.524346 3.797308 -0.173830 -0.067431 0.047748 -0.000577 6.861136 -0.434737 0.092511 0.074903 -0.050383 0.001897
14.800000 106.210223 3.753178 -0.194598 -0.060262 0.038111 0.000173 6.861651 -0.453113 0.045490 0.061119 -0.127692 0.000700
14.900000 106.896286 3.707948 -0.210238 -0.057085 0.025097 0.000903 6.862103 -0.463753 0.017169 -0.010573 -0.118754 -0.001293
15.000000 107.582498 3.662050 -0.220041 -0.058255 0.015990 0.001220 6.862321 -0.472227 0.010276 0.000656 -0.066698 -0.002670
15.100000 108.268762 3.615338 -0.227170 -0.056582 0.010811 0.001229 6.862425 -0.479283 -0.038094 0.033336 -0.046112 -0.003006
15.200000 108.954999 3.567706 -0.236961 -0.056530 0.007799 0.001098 6.862388 -0.483832 -0.062372 -0.044581 -0.008420 -0.002918
15.300000 109.641265 3.519525 -0.242894 -0.063260 0.009057 0.000754 6.862540 -0.491724 -0.014884 -0.054713 0.036804 -0.002282
15.400000 110.327529 3.470115 -0.248813 -0.064015 0.014357 0.000234 6.862694 -0.503850 -0.010615 0.033802 0.065398 -0.001230
15.500000 111.013733 3.419251 -0.258734 -0.059836 0.020720 -0.000225 6.862789 -0.513254 -0.007866 0.034078 0.055657 -0.000059
15.600000 111.699935 3.367595 -0.269179 -0.057486 0.024211 -0.000390 6.862715 -0.519174 0.057399 0.009835 0.016552 0.000748
15.700000 112.386243 3.315711 -0.275161 -0.059418 0.025393 -0.000370 6.862577 -0.524698 0.094851 -0.029538 0.004524 0.000936
15.800000 113.072539 3.263247 -0.281624 -0.058653 0.023910 -0.000195 6.862627 -0.531000 0.059582 0.052870 -0.050100 0.000746
15.900000 113.758926 3.210676 -0.283487 -0.049088 0.012275 0.000476 6.863616 -0.530592 0.099472 0.108853 -0.165875 0.000050
16.000000 114.445454 3.159162 -0.273626 -0.039410 -0.005968 0.001204 6.865448 -0.519681 0.082258 0.076547 -0.185903 -0.001613
16.100000 115.131978 3.109194 -0.257483 -0.033931 -0.020239 0.001484 6.866366 -0.502456 -0.048909 0.071818 -0.045989 -0.003163
16.200000 115.818802 3.060483 -0.256152 -0.025331 -0.017597 0.001080 6.867016 -0.481351 -0.197074 0.093411 0.058613 -0.003214
16.300000 116.505808 3.013837 -0.264463 -0.014781 -0.012653 0.000699 6.868120 -0.454588 -0.143166 0.120687 0.048781 -0.002353
16.400000 117.192662 2.970441 -0.259456 -0.004325 -0.006042 0.000443 6.868267 -0.418774 0.108750 0.074892 0.081557 -0.001644
16.500000 117.879402 2.930843 -0.237691 -0.000047 0.002528 0.000296 6.866561 -0.378871 0.266298 0.024347 0.081215 -0.001040
16.600000 118.566083 2.895087 -0.226506 0.006808 0.001070 0.000200 6.866347 -0.338969 -0.003081 0.086974 -0.094816 -0.000526
16.700000 119.252726 2.863420 -0.231179 0.010778 -0.010113 0.000061 6.865518 -0.297774 -0.117641 0.003949 -0.089880 -0.000219
16.800000 119.939338 2.835740 -0.234012 0.010880 -0.012992 0.000016 6.865169 -0.259278 -0.089074 0.004633 0.030932 -0.000073
16.900000 120.625882 2.811666 -0.231018 0.011168 -0.007696 0.000066 6.865375 -0.224139 0.033877 -0.014389 0.038541 -0.000117
17.000000 121.312343 2.790787 -0.217922 0.008083 -0.007456 0.000056 6.865397 -0.193836 0.106211 -0.038733 -0.022946 -0.000165
17.100000 121.998789 2.772600 -0.202584 0.001100 -0.009386 0.000029 6.865588 -0.171048 0.083409 -0.107521 -0.008275 -0.000134
17.200000 122.685223 2.756219 -0.186205 -0.008651 -0.014772 0.000044 6.866055 -0.159430 0.080682 -0.064339 -0.114831 -0.000257
17.300000 123.371572 2.740702 -0.164908 -0.010619 -0.031332 0.000185 6.866983 -0.153831 0.042454 0.011904 -0.188564 -0.000339
17.400000 124.057596 2.725809 -0.133230 -0.010030 -0.045403 0.000283 6.867658 -0.148324 -0.003665 -0.005383 -0.046414 -0.000600
17.500000 124.744323 2.711234 -0.116958 -0.011938 -0.037829 0.000138 6.869217 -0.143579 -0.268819 -0.026595 0.169422 -0.000445
17.600000 125.432115 2.696625 -0.127948 -0.012054 -0.018281 -0.000128 6.875220 -0.141443 -0.265607 0.035044 0.209193 -0.000039
17.700000 126.119965 2.682307 -0.138787 -0.004758 0.005637 -0.000338 6.878851 -0.137305 -0.053468 0.103827 0.290348 -0.000037
17.800000 126.807807 2.668930 -0.147746 0.005641 0.038823 -0.000329 6.876746 -0.122913 0.167043 0.088421 0.334114 -0.000213
17.900000 127.495093 2.657383 -0.168184 0.011512 0.061335 -0.000143 6.873095 -0.101761 0.102831 0.028055 0.093945 0.000112
18.000000 128.181426 2.648122 -0.205058 0.013980 0.060975 -0.000128 6.873043 -0.080304 0.054133 0.040429 -0.059421 0.000301
18.100000 128.868075 2.640979 -0.236608 0.019164 0.055729 -0.000175 6.873480 -0.057098 0.090370 0.052733 -0.046090 0.000463
18.200000 129.554642 2.636318 -0.269901 0.022790 0.050524 -0.000235 6.873642 -0.031926 -0.034061 0.008473 -0.053373 0.000565
18.300000 130.240838 2.634315 -0.310407 0.020415 0.047215 -0.000250 6.873426 -0.008547 -0.095618 -0.042048 -0.002279 0.000609
18.400000 130.926914 2.634449 -0.353426 0.016847 0.051898 -0.000108 6.873861 0.009415 -0.076337 -0.027082 0.090154 0.000502
18.500000 131.613500 2.636017 -0.387221 0.015797 0.055774 -0.000014 6.874036 0.023322 0.175586 -0.001631 -0.050235 0.000128
18.600000 132.301484 2.638490 -0.395343 0.014340 0.041621 -0.000217 6.877937 0.034922 0.304113 -0.035646 -0.210166 0.000192
18.700000 132.990065 2.641790 -0.390459 0.008373 0.018893 -0.000452 6.883778 0.040816 0.187335 -0.067063 -0.230064 0.000424
18.800000 133.678654 2.645546 -0.387332 0.005990 -0.005354 -0.000533 6.885643 0.042027 -0.043468 0.024393 -0.263616 0.001113
18.900000 134.367193 2.649529 -0.387266 0.008234 -0.032765 -0.000594 6.882032 0.043727 -0.149574 0.002515 -0.241757 0.001527
19.000000 135.055057 2.653693 -0.367644 0.008004 -0.046641 -0.000557 6.880581 0.046108 -0.050098 0.010186 -0.015960 0.001461
19.100000 135.742698 2.658175 -0.342727 0.011302 -0.039257 -0.000355 6.881021 0.049396 -0.071708 0.052272 0.120253 0.001015
19.200000 136.430652 2.663394 -0.325535 0.020455 -0.029639 -0.000148 6.881647 0.057943 -0.030835 0.135000 0.056463 0.000349
19.300000 137.118421 2.669898 -0.301704 0.033860 -0.028559 -0.000102 6.881707 0.078505 0.122546 0.096043 -0.020673 0.000264
19.400000 137.805730 2.678310 -0.261877 0.037427 -0.031695 -0.000185 6.882326 0.105421 0.221959 0.003318 -0.055423 0.000372
19.500000 138.493092 2.689375 -0.222645 0.040325 -0.041100 -0.000487 6.883586 0.131174 -0.019706 0.042993 -0.088237 0.000971
19.600000 139.181662 2.704269 -0.212839 0.043050 -0.040749 -0.000351 6.884211 0.156622 -0.334390 0.014924 0.108160 0.001129
19.700000 139.871103 2.722720 -0.224150 0.045491 -0.021304 0.000559 6.890851 0.181742 -0.289002 0.036321 0.259024 -0.000472
19.800000 140.560575 2.743712 -0.233306 0.047987 0.005749 0.001657 6.894999 0.209105 0.000260 0.002355 0.266678 -0.003007
19.900000 141.250111 2.766687 -0.229845 0.047203 0.031834 0.002491 6.890899 0.236235 0.259220 -0.013556 0.254274 -0.005147
20.000000 141.939091 2.792453 -0.238557 0.042026 0.051154 0.002786 6.886747 0.258962 0.093570 -0.087796 0.111968 -0.006355
