0.000000 2.266323 0.000000 -0.762438 0.000000 -0.062186 0.000000 4.545455 0.000000 0.000000 0.000000 0.000000 0.000000
0.100000 2.727449 0.000083 -0.583321 0.001645 -0.007957 0.000005 4.811545 0.031174 2.754991 0.138448 0.970923 -0.001018
0.200000 3.222866 0.003964 -0.376551 0.030244 0.047281 -0.000171 5.118373 0.132893 0.466277 0.315144 -0.002543 -0.012292
0.300000 3.744513 0.021640 -0.382209 0.049463 0.025184 -0.002692 5.359660 0.202726 -0.460315 0.053679 -0.228937 -0.018102
0.400000 4.289464 0.045714 -0.379377 0.047734 0.019048 -0.004791 5.546661 0.247535 0.146420 -0.032196 0.077443 -0.016238
0.500000 4.853130 0.071455 -0.338418 0.049857 0.029329 -0.005732 5.719307 0.278967 0.253435 0.078026 0.084341 -0.013160
0.600000 5.432677 0.100247 -0.302000 0.060303 0.033399 -0.006875 5.871975 0.307683 0.159148 0.115480 0.007884 -0.014399
0.700000 6.026246 0.132028 -0.272013 0.072747 0.036005 -0.008276 5.999332 0.334829 0.175495 0.114187 0.046290 -0.017295
0.800000 6.632171 0.166026 -0.244808 0.082977 0.041482 -0.009722 6.109646 0.356017 0.192332 0.075432 0.071519 -0.019899
0.900000 7.248766 0.200589 -0.208263 0.084395 0.050756 -0.010956 6.205362 0.365112 0.283635 -0.034503 0.080955 -0.019563
1.000000 7.874076 0.236160 -0.177561 0.078556 0.055339 -0.012331 6.291058 0.363896 0.153242 -0.070946 0.017331 -0.014769
1.100000 8.507096 0.271846 -0.159701 0.070675 0.058171 -0.013273 6.361221 0.355109 0.127716 -0.082783 0.052914 -0.008137
1.200000 9.147140 0.306367 -0.141650 0.061340 0.064206 -0.013388 6.423700 0.346391 0.116730 -0.115972 0.043675 -0.002338
1.300000 9.792553 0.340334 -0.127058 0.046159 0.065692 -0.013222 6.479599 0.338849 0.118941 -0.158760 -0.007464 0.004269
1.400000 10.442835 0.374082 -0.115183 0.036186 0.065557 -0.012466 6.524770 0.341404 0.167003 -0.035351 0.013892 0.010149
1.500000 11.097695 0.408320 -0.101015 0.035779 0.067542 -0.011341 6.564236 0.349725 0.217383 -0.000958 0.024287 0.010030
1.600000 11.756337 0.443464 -0.091165 0.034717 0.069190 -0.010381 6.599560 0.357783 0.164983 -0.009722 0.008703 0.008036
1.700000 12.418154 0.479725 -0.090716 0.035307 0.071479 -0.009586 6.627567 0.368218 0.184285 0.025500 0.048731 0.006090
1.800000 13.083262 0.516845 -0.084583 0.039946 0.078688 -0.008865 6.651495 0.381810 0.290726 0.055410 0.086585 0.002549
1.900000 13.750979 0.554796 -0.076395 0.043901 0.086283 -0.008493 6.674751 0.388469 0.189141 0.003406 0.060955 -0.001259
2.000000 14.420558 0.593218 -0.080362 0.040632 0.093956 -0.008342 6.691905 0.385262 0.114306 -0.056779 0.109469 -0.001596
2.100000 15.093036 0.631053 -0.080636 0.035663 0.107698 -0.007893 6.707193 0.381006 0.129039 -0.029523 0.146281 0.000082
2.200000 15.767091 0.668675 -0.079058 0.035977 0.118185 -0.007501 6.726026 0.381261 0.008867 0.023341 0.049374 -0.000095
2.300000 16.440821 0.706653 -0.088087 0.038417 0.119552 -0.007524 6.740630 0.379727 -0.130073 0.017623 0.002411 -0.001344
2.400000 17.116173 0.744507 -0.098264 0.038583 0.122349 -0.007584 6.749574 0.377281 -0.137761 -0.001991 0.048444 -0.001818
2.500000 17.792238 0.782369 -0.104718 0.038106 0.123175 -0.007724 6.763135 0.378556 -0.222712 0.003038 -0.043117 -0.001491
2.600000 18.466858 0.820666 -0.115811 0.039965 0.114291 -0.008195 6.774351 0.379118 -0.328601 0.033179 -0.118214 -0.001008
2.700000 19.141982 0.859148 -0.130637 0.043280 0.103314 -0.008763 6.780059 0.375154 -0.256378 0.013631 -0.090949 -0.001238
2.800000 19.818199 0.896684 -0.131984 0.042029 0.094555 -0.009249 6.786952 0.368803 -0.089712 -0.026998 -0.102698 -0.000537
2.900000 20.494195 0.933839 -0.131416 0.041117 0.079680 -0.009813 6.795959 0.367460 -0.088728 0.020250 -0.194541 0.001534
3.000000 21.171090 0.971298 -0.136925 0.043907 0.060541 -0.010419 6.797591 0.363450 0.017425 0.017493 -0.145775 0.002346
3.100000 21.850096 1.007615 -0.138430 0.042340 0.053577 -0.010481 6.795038 0.348242 0.155360 -0.040660 -0.001254 0.002735
3.200000 22.530089 1.041512 -0.135191 0.038503 0.056157 -0.010043 6.796965 0.327545 0.241991 -0.029363 0.031827 0.003887
3.300000 23.210747 1.073337 -0.126904 0.040078 0.061166 -0.009462 6.797860 0.314923 0.345754 0.057850 0.068749 0.003203
3.400000 23.891994 1.103590 -0.117230 0.045935 0.071529 -0.008876 6.796649 0.303983 0.406782 0.036624 0.145560 -0.000771
3.500000 24.574275 1.131520 -0.102809 0.046002 0.088576 -0.008317 6.797650 0.281090 0.428113 -0.036028 0.168545 -0.003429
3.600000 25.256604 1.156886 -0.099660 0.039423 0.102199 -0.008042 6.802044 0.246060 0.265655 -0.082734 0.108453 -0.002279
3.700000 25.938685 1.179121 -0.106567 0.033101 0.112372 -0.007752 6.803878 0.211866 0.260393 -0.036329 0.101623 0.000606
3.800000 26.620752 1.198349 -0.116525 0.029052 0.120450 -0.007359 6.807701 0.180204 0.164816 -0.072529 0.044864 0.002005
3.900000 27.301807 1.214578 -0.141135 0.018701 0.124062 -0.006931 6.808957 0.146012 0.060134 -0.124725 0.045411 0.005210
4.000000 27.983434 1.227315 -0.165001 0.005923 0.130284 -0.006090 6.809516 0.111522 0.080408 -0.130852 0.067871 0.010010
4.100000 28.665133 1.236876 -0.187577 -0.004180 0.135032 -0.004872 6.812073 0.080766 -0.007528 -0.053480 0.032940 0.013586
4.200000 29.346496 1.243635 -0.216922 -0.004242 0.138273 -0.003518 6.812381 0.057704 -0.100497 0.031747 0.038596 0.012681
4.300000 30.028291 1.248318 -0.244710 -0.001542 0.142676 -0.002448 6.813021 0.038999 -0.020951 -0.003677 0.029994 0.008700
4.400000 30.709101 1.251357 -0.265158 -0.004206 0.141064 -0.001684 6.817567 0.017958 -0.104978 -0.032431 -0.060853 0.006771
4.500000 31.388611 1.252021 -0.296536 -0.005730 0.133986 -0.000994 6.818368 -0.006737 -0.193101 0.002292 -0.060787 0.006097
4.600000 32.068999 1.249667 -0.325052 -0.007250 0.130060 -0.000417 6.817066 -0.039373 -0.132765 -0.043838 -0.019976 0.005032
4.700000 32.749847 1.243753 -0.349885 -0.012040 0.127544 0.000138 6.818183 -0.073993 -0.228894 -0.038554 -0.038552 0.005647
4.800000 33.430411 1.234499 -0.379890 -0.014030 0.123191 0.000787 6.818485 -0.102594 -0.244955 -0.020443 -0.036716 0.005817
4.900000 34.111415 1.222905 -0.392636 -0.017987 0.119973 0.001414 6.819076 -0.131281 -0.091440 -0.050019 -0.041350 0.005819
5.000000 34.791520 1.208365 -0.404030 -0.024198 0.112314 0.002202 6.821917 -0.163344 -0.216999 -0.075110 -0.100793 0.006675
5.100000 35.471663 1.190059 -0.424113 -0.031050 0.103911 0.003180 6.820275 -0.193162 -0.144152 -0.038950 -0.056688 0.008155
5.200000 36.152382 1.169627 -0.433144 -0.031289 0.097843 0.004193 6.821352 -0.210637 -0.075456 0.016856 -0.079683 0.007570
5.300000 36.832645 1.147887 -0.443196 -0.030645 0.088164 0.005119 6.822491 -0.220092 -0.107380 -0.015136 -0.103898 0.004899
5.400000 37.513725 1.125157 -0.453763 -0.034372 0.082850 0.005706 6.817754 -0.229475 -0.099812 -0.053383 0.020467 0.003996
5.500000 38.196970 1.101930 -0.455543 -0.041121 0.090328 0.005907 6.814843 -0.238540 -0.099123 -0.074280 0.101929 0.006132
5.600000 38.880799 1.078380 -0.452018 -0.047905 0.098202 0.006327 6.817696 -0.241721 -0.173311 -0.056208 0.047334 0.009009
5.700000 39.563623 1.054890 -0.441688 -0.048906 0.100966 0.007150 6.819857 -0.235145 -0.164979 0.025115 -0.000884 0.009377
5.800000 40.244816 1.031778 -0.428808 -0.045901 0.097635 0.008113 6.822297 -0.226424 -0.185621 0.013115 -0.057099 0.006311
5.900000 40.924882 1.009093 -0.420658 -0.045064 0.088920 0.008985 6.826104 -0.215784 -0.245652 0.006995 -0.136015 0.003274
6.000000 41.603586 0.987012 -0.417571 -0.041456 0.071678 0.009924 6.829101 -0.200580 -0.186034 0.070829 -0.198737 0.000126
6.100000 42.282776 0.966630 -0.414297 -0.032217 0.051388 0.010446 6.829073 -0.183872 -0.101610 0.097802 -0.192031 -0.005076
6.200000 42.963688 0.948281 -0.411833 -0.025033 0.037180 0.010075 6.824048 -0.171319 0.006538 0.047194 -0.077860 -0.009975
6.300000 43.645581 0.931554 -0.398206 -0.019873 0.034807 0.009040 6.820432 -0.161877 0.200523 0.068313 0.005739 -0.011464
6.400000 44.327754 0.915886 -0.378628 -0.011713 0.034272 0.007846 6.820668 -0.155479 0.272436 0.055621 0.002256 -0.012692
6.500000 45.010264 0.900446 -0.358034 -0.010401 0.040318 0.006514 6.815660 -0.157810 0.386919 -0.028348 0.122266 -0.012002
6.600000 45.693392 0.884623 -0.329432 -0.015898 0.055470 0.005329 6.814214 -0.164587 0.515002 -0.071806 0.158540 -0.007270
6.700000 46.376853 0.868540 -0.305436 -0.020812 0.067828 0.004649 6.816870 -0.162098 0.344885 -0.016374 0.090332 -0.002116
6.800000 47.059935 0.853182 -0.300115 -0.020484 0.077967 0.004346 6.815200 -0.149631 0.250316 0.013869 0.135325 -0.000184
6.900000 47.744267 0.839460 -0.290033 -0.020595 0.096358 0.003984 6.812752 -0.139123 0.285326 -0.012055 0.211841 0.000575
7.000000 48.429146 0.826610 -0.285635 -0.018785 0.112672 0.003750 6.817917 -0.128532 -0.004523 0.045510 0.104185 0.000999
7.100000 49.112960 0.814810 -0.294789 -0.011342 0.120597 0.003632 6.819419 -0.109989 -0.066755 0.098363 0.065638 -0.001333
7.200000 49.796687 0.805024 -0.295039 -0.003656 0.127013 0.003260 6.820654 -0.088631 -0.028689 0.052449 0.032254 -0.004895
7.300000 50.477885 0.796901 -0.302861 -0.003358 0.122678 0.002705 6.826674 -0.074679 -0.205948 -0.038861 -0.105680 -0.005693
7.400000 51.157510 0.789547 -0.322166 -0.009205 0.110757 0.002321 6.827004 -0.068883 -0.228034 -0.064021 -0.113032 -0.002952
7.500000 51.837832 0.782867 -0.340455 -0.012729 0.100815 0.002315 6.826020 -0.057333 -0.241715 0.004115 -0.084796 0.000218
7.600000 52.518890 0.778141 -0.354435 -0.008079 0.093641 0.002434 6.825360 -0.032365 -0.202264 0.091138 -0.061102 -0.000210
7.700000 53.200213 0.776510 -0.363943 0.004090 0.087434 0.002230 6.825088 -0.000824 -0.203229 0.127059 -0.055464 -0.004668
7.800000 53.882058 0.777652 -0.364676 0.010238 0.084532 0.001492 6.823166 0.019583 -0.066091 -0.011237 -0.011452 -0.008766
7.900000 54.564085 0.780212 -0.354648 0.005854 0.083591 0.000665 6.823502 0.032924 0.034554 -0.044689 -0.018498 -0.006751
8.000000 55.245302 0.784181 -0.342280 0.005832 0.077900 0.000125 6.826326 0.054931 -0.013970 0.035410 -0.088390 -0.003924
8.100000 55.926469 0.790795 -0.340854 0.009006 0.070232 -0.000313 6.824261 0.080036 -0.054764 0.014448 -0.045026 -0.003912
8.200000 56.608514 0.799955 -0.336557 0.007498 0.068854 -0.000703 6.822350 0.101210 0.033774 -0.039043 0.001249 -0.003231
8.300000 57.290678 0.811183 -0.329730 0.004387 0.068283 -0.000915 6.822751 0.125711 0.057527 0.004366 -0.004455 -0.000946
8.400000 57.973010 0.825317 -0.320346 0.010242 0.069067 -0.000991 6.821503 0.160732 0.121075 0.112001 0.022969 -0.001535
8.500000 58.655733 0.842946 -0.303164 0.022472 0.073229 -0.001301 6.820093 0.196968 0.199871 0.109529 0.055002 -0.006464
8.600000 59.338474 0.863833 -0.291186 0.030025 0.077206 -0.002066 6.821315 0.222989 0.008938 0.033063 0.027985 -0.010262
8.700000 60.021347 0.887235 -0.287178 0.031360 0.081760 -0.002973 6.819836 0.243510 0.059419 0.008145 0.060139 -0.010145
8.800000 60.704319 0.912369 -0.274484 0.032520 0.086781 -0.003764 6.821484 0.265601 0.106225 0.021735 0.025001 -0.008794
8.900000 61.386449 0.939722 -0.266499 0.034964 0.085735 -0.004630 6.824298 0.286732 0.053272 0.023596 -0.037953 -0.007767
9.000000 62.068237 0.969079 -0.262988 0.036196 0.081573 -0.005505 6.824204 0.302327 0.109640 -0.001434 -0.036146 -0.006581
9.100000 62.750333 0.999733 -0.259395 0.035478 0.078513 -0.006180 6.824410 0.314641 0.100512 0.015175 -0.038361 -0.004614
9.200000 63.432362 1.032296 -0.267863 0.041395 0.075361 -0.006723 6.823159 0.332522 0.075156 0.096025 -0.008542 -0.004521
9.300000 64.115036 1.066376 -0.270353 0.049487 0.078709 -0.007164 6.819930 0.352167 0.228820 0.048408 0.063094 -0.007565
9.400000 64.798210 1.101551 -0.265711 0.050058 0.085530 -0.007655 6.819562 0.363191 0.194984 -0.027852 0.072817 -0.008413
9.500000 65.481594 1.137237 -0.265025 0.046919 0.094420 -0.007974 6.818086 0.361750 0.162786 -0.019093 0.106125 -0.006361
9.600000 66.165489 1.172334 -0.264250 0.047475 0.105869 -0.008009 6.818163 0.356178 0.205387 0.028158 0.110469 -0.005475
9.700000 66.849019 1.206992 -0.263073 0.050083 0.112097 -0.008294 6.823690 0.350141 0.181575 0.011672 0.003794 -0.006169
9.800000 67.531289 1.241642 -0.274419 0.050531 0.110580 -0.008967 6.824024 0.342349 0.134956 0.006545 -0.008395 -0.005422
9.900000 68.213979 1.275050 -0.285143 0.051244 0.112238 -0.009378 6.823411 0.328866 0.097980 -0.007719 0.029603 -0.004543
10.000000 68.896875 1.306651 -0.306893 0.047325 0.116922 -0.009534 6.822703 0.307897 -0.132189 -0.055783 0.076318 -0.002827
10.100000 69.581472 1.335658 -0.333929 0.043460 0.128682 -0.009168 6.819144 0.287738 -0.196636 -0.016063 0.147562 -0.000774
10.200000 70.267155 1.362378 -0.344869 0.042790 0.141052 -0.008706 6.821748 0.268223 -0.077790 -0.005575 0.057833 -0.000965
10.300000 70.948727 1.388213 -0.350074 0.040447 0.137729 -0.008939 6.828983 0.245816 -0.201618 -0.053084 -0.107771 -0.000511
10.400000 71.628118 1.412358 -0.367383 0.031524 0.125636 -0.009283 6.829396 0.220272 -0.282452 -0.130071 -0.116567 0.003105
10.500000 72.307855 1.433529 -0.385321 0.016472 0.113692 -0.008950 6.830123 0.193497 -0.275181 -0.142549 -0.132812 0.009503
10.600000 72.987146 1.452007 -0.408777 0.006705 0.097678 -0.007880 6.832421 0.171710 -0.338721 -0.056295 -0.182325 0.014445
10.700000 73.667073 1.468570 -0.432244 0.005896 0.081769 -0.006471 6.829114 0.158333 -0.127099 0.032219 -0.098639 0.014473
10.800000 74.348850 1.484079 -0.432395 0.011027 0.076403 -0.005263 6.826471 0.150822 0.067159 0.060041 -0.035768 0.009990
10.900000 75.030830 1.498905 -0.430703 0.016476 0.071475 -0.004597 6.827437 0.140877 0.051941 0.046169 -0.062457 0.004872
11.000000 75.713018 1.512415 -0.431200 0.018100 0.067823 -0.004360 6.823897 0.123071 0.127066 -0.033806 0.012939 0.001691
11.100000 76.396056 1.523339 -0.428113 0.012428 0.073692 -0.004085 6.820270 0.100144 0.128684 -0.062216 0.098926 0.002615
11.200000 77.079926 1.532032 -0.420947 0.007787 0.085001 -0.003612 6.820744 0.081445 0.103649 -0.029847 0.110634 0.004411
11.300000 77.764069 1.539266 -0.412860 0.005282 0.094619 -0.003075 6.823043 0.067424 0.009586 -0.025380 0.081724 0.004850
11.400000 78.448332 1.545391 -0.407319 0.002409 0.102379 -0.002551 6.823438 0.056737 -0.081065 -0.033985 0.079323 0.005010
11.500000 79.132822 1.550530 -0.402059 -0.001915 0.109597 -0.002016 6.824872 0.046452 -0.140905 -0.039366 0.033561 0.005686
11.600000 79.814722 1.554742 -0.399116 -0.004429 0.105974 -0.001405 6.830532 0.038077 -0.218070 -0.020015 -0.098769 0.005967
11.700000 80.494567 1.558192 -0.401092 -0.006808 0.093020 -0.000752 6.832377 0.034071 -0.235779 -0.029792 -0.140998 0.005573
11.800000 81.174892 1.561344 -0.400938 -0.011215 0.080822 -0.000093 6.830760 0.034189 -0.144952 -0.059995 -0.103473 0.005671
11.900000 81.855826 1.564645 -0.400523 -0.015349 0.070141 0.000670 6.831280 0.039907 -0.165741 -0.015742 -0.114259 0.006494
12.000000 82.536914 1.568658 -0.402657 -0.014390 0.057796 0.001476 6.831735 0.051638 -0.108410 0.044242 -0.120015 0.005419
12.100000 83.218797 1.574432 -0.395811 -0.007103 0.050477 0.001935 6.827510 0.070589 0.083813 0.082054 -0.021788 0.001530
12.200000 83.901468 1.582529 -0.377565 0.000457 0.051778 0.001850 6.825202 0.093079 0.189899 0.065083 0.029773 -0.003034
12.300000 84.584165 1.592577 -0.361104 0.003580 0.052616 0.001409 6.826435 0.109928 0.135090 0.004282 -0.001884 -0.005211
12.400000 85.267014 1.604130 -0.349459 0.001782 0.055230 0.000918 6.823290 0.120601 0.160134 -0.035817 0.068024 -0.004277
12.500000 85.950640 1.616933 -0.330323 -0.000630 0.066381 0.000609 6.820881 0.130593 0.223071 -0.022871 0.126447 -0.002062
12.600000 86.634455 1.630719 -0.311207 -0.002149 0.076518 0.000477 6.823902 0.142646 0.102218 0.013919 0.063616 -0.000427
12.700000 87.317785 1.645830 -0.301876 0.001815 0.081398 0.000418 6.824688 0.157540 0.033844 0.052481 0.047007 -0.001152
12.800000 88.001426 1.662297 -0.290379 0.007735 0.087881 0.000219 6.823515 0.170258 0.088827 0.054412 0.072325 -0.003578
12.900000 88.684491 1.679729 -0.280446 0.013673 0.090521 -0.000231 6.827793 0.179847 -0.013253 0.070707 -0.024804 -0.005750
13.000000 89.366382 1.698088 -0.279561 0.021244 0.085724 -0.000996 6.828787 0.186760 -0.024672 0.085694 -0.048536 -0.007803
13.100000 90.048458 1.717106 -0.277382 0.029441 0.081849 -0.001991 6.828295 0.190769 -0.047400 0.061295 -0.037694 -0.010005
13.200000 90.730892 1.736105 -0.278178 0.030201 0.080093 -0.003080 6.826504 0.185145 -0.049565 -0.041581 0.004586 -0.009870
13.300000 91.413836 1.754102 -0.276669 0.025490 0.081709 -0.003847 6.825587 0.175588 -0.036426 -0.023515 0.025720 -0.006065
13.400000 92.096783 1.771260 -0.270295 0.026297 0.083496 -0.004273 6.826295 0.169466 -0.009481 0.019225 0.009349 -0.003878
13.500000 92.779466 1.787678 -0.258819 0.024661 0.084081 -0.004607 6.826973 0.160642 0.012945 -0.046588 -0.005954 -0.002837
13.600000 93.461813 1.803201 -0.249686 0.018978 0.082503 -0.004792 6.827925 0.149936 -0.010621 -0.055943 -0.026623 0.000034
13.700000 94.143859 1.817827 -0.245356 0.015744 0.078508 -0.004714 6.828745 0.141077 -0.018409 -0.015074 -0.043894 0.002536
13.800000 94.825958 1.831604 -0.241763 0.014722 0.074389 -0.004481 6.828807 0.131915 -0.008037 -0.021450 -0.045371 0.003139
13.900000 95.508098 1.844381 -0.239069 0.011922 0.070030 -0.004202 6.828064 0.121501 0.030383 -0.018403 -0.030453 0.003704
14.000000 96.190690 1.856086 -0.233509 0.012045 0.069333 -0.003830 6.826022 0.111852 0.083716 0.016645 0.015008 0.003572
14.100000 96.873679 1.866723 -0.225878 0.014539 0.072171 -0.003509 6.825053 0.101694 0.101711 0.030311 0.036987 0.001908
14.200000 97.556820 1.876142 -0.217630 0.016851 0.076113 -0.003357 6.824828 0.087932 0.116717 0.007602 0.042047 -0.000027
14.300000 98.240006 1.883917 -0.206775 0.015546 0.080018 -0.003331 6.825359 0.068278 0.149774 -0.029613 0.030707 -0.000389
14.400000 98.922969 1.889599 -0.199837 0.011664 0.081775 -0.003287 6.826506 0.043737 0.100173 -0.045232 0.007974 0.000984
14.500000 99.605818 1.892692 -0.198828 0.007413 0.082527 -0.003084 6.826502 0.016336 0.118305 -0.038592 0.011001 0.002874
14.600000 100.288794 1.893057 -0.196893 0.003700 0.083862 -0.002715 6.826671 -0.011959 0.147278 -0.046158 0.004959 0.004223
14.700000 100.971578 1.890540 -0.199868 -0.002017 0.084045 -0.002220 6.826188 -0.041248 0.093444 -0.055767 0.012807 0.005771
14.800000 101.654704 1.884969 -0.205202 -0.005818 0.088174 -0.001587 6.823716 -0.068274 0.104709 -0.021147 0.070382 0.006980
14.900000 102.338394 1.876765 -0.207894 -0.007667 0.096045 -0.000945 6.823602 -0.092801 0.064537 -0.030355 0.075895 0.006734
15.000000 103.022109 1.866306 -0.210750 -0.011412 0.102857 -0.000333 6.824567 -0.114870 0.054245 -0.039486 0.055763 0.006858
15.100000 103.705507 1.853964 -0.213505 -0.014595 0.106948 0.000321 6.825809 -0.133731 0.005437 -0.025222 0.029941 0.007116
15.200000 104.388728 1.839703 -0.218198 -0.017177 0.109746 0.000982 6.826282 -0.153147 -0.029923 -0.037526 0.020437 0.006894
15.300000 105.071344 1.823383 -0.225198 -0.022060 0.109244 0.001698 6.828610 -0.173822 -0.086846 -0.056849 -0.032339 0.007232
15.400000 105.753081 1.805031 -0.235750 -0.027497 0.104031 0.002595 6.830088 -0.191522 -0.104901 -0.050217 -0.064155 0.007956
15.500000 106.434771 1.785080 -0.245663 -0.031356 0.097933 0.003590 6.830042 -0.204197 -0.031184 -0.032103 -0.056340 0.008069
15.600000 107.116730 1.764025 -0.253952 -0.033981 0.092578 0.004547 6.829846 -0.213957 -0.005481 -0.023610 -0.051020 0.007395
15.700000 107.798876 1.742019 -0.261984 -0.036262 0.087956 0.005406 6.829300 -0.223805 0.034857 -0.020821 -0.041908 0.006472
15.800000 108.481385 1.719228 -0.267966 -0.036571 0.085920 0.006081 6.827013 -0.231580 0.044949 0.014605 0.008694 0.005340
15.900000 109.164622 1.695922 -0.273422 -0.033645 0.090100 0.006375 6.824365 -0.235686 0.035169 0.038624 0.071454 0.003308
16.000000 109.848515 1.672539 -0.275471 -0.030151 0.097948 0.006345 6.824448 -0.235984 0.033781 0.028967 0.071650 0.001197
16.100000 110.532204 1.649310 -0.273062 -0.028985 0.103278 0.006242 6.826204 -0.235383 0.048143 -0.012061 0.033641 0.000129
16.200000 111.215139 1.626043 -0.270638 -0.031722 0.104111 0.006253 6.828188 -0.234222 0.015138 -0.032222 -0.009309 0.000822
16.300000 111.897687 1.602849 -0.273102 -0.035079 0.102635 0.006450 6.829221 -0.229559 0.013355 -0.039340 -0.023283 0.002110
16.400000 112.579875 1.580180 -0.280286 -0.038210 0.098637 0.006871 6.830627 -0.216779 -0.008328 -0.019562 -0.052470 0.003155
16.500000 113.261931 1.559076 -0.289386 -0.038891 0.093392 0.007393 6.830406 -0.194435 0.020691 0.004427 -0.048638 0.002949
16.600000 113.944277 1.540667 -0.299581 -0.037010 0.090097 0.007755 6.828806 -0.166631 -0.045102 0.028362 -0.005009 0.001546
16.700000 114.627686 1.525840 -0.310493 -0.035104 0.094275 0.007676 6.825127 -0.139485 -0.046766 0.003910 0.082332 0.000055
16.800000 115.312215 1.514075 -0.313579 -0.035326 0.103767 0.007349 6.824489 -0.114950 -0.012052 0.016256 0.088475 0.000358
16.900000 115.995707 1.504320 -0.311358 -0.027253 0.107033 0.007229 6.828904 -0.085221 -0.043942 0.119062 -0.014397 -0.001306
17.000000 116.677820 1.496856 -0.310655 -0.016106 0.103565 0.006931 6.829999 -0.059360 -0.066776 0.091055 -0.039319 -0.006172
17.100000 117.359999 1.491754 -0.311841 -0.008891 0.100215 0.006162 6.830698 -0.039278 -0.142074 0.082998 -0.054903 -0.009434
17.200000 118.041547 1.488585 -0.321698 0.001338 0.092908 0.005130 6.831667 -0.022262 -0.183908 0.116657 -0.076447 -0.011820
17.300000 118.723301 1.486943 -0.330429 0.012458 0.086108 0.003749 6.831147 -0.012957 -0.185082 0.098861 -0.061812 -0.014693
17.400000 119.405635 1.485692 -0.332633 0.018771 0.082535 0.002134 6.828783 -0.015220 -0.068356 0.016479 -0.005221 -0.015860
17.500000 120.088219 1.483746 -0.322326 0.018005 0.081423 0.000629 6.830210 -0.024457 -0.025151 -0.011988 -0.034559 -0.013214
17.600000 120.770152 1.481079 -0.318169 0.017547 0.075160 -0.000619 6.833259 -0.034576 -0.047830 -0.004216 -0.077724 -0.009559
17.700000 121.452437 1.477145 -0.311779 0.012604 0.069019 -0.001499 6.833210 -0.050555 0.117516 -0.084372 -0.055224 -0.005713
17.800000 122.135124 1.471502 -0.302072 0.003124 0.062181 -0.001849 6.834526 -0.066629 0.198155 -0.092927 -0.084384 -0.000138
17.900000 122.818165 1.464374 -0.299352 -0.004142 0.053673 -0.001602 6.832599 -0.073260 0.154055 -0.038987 -0.062180 0.004543
18.000000 123.501326 1.457054 -0.305229 -0.005233 0.055358 -0.001066 6.825183 -0.068876 0.238749 0.001401 0.102238 0.005727
18.100000 124.185221 1.450546 -0.298115 -0.005876 0.069980 -0.000607 6.822992 -0.062184 0.344706 -0.017578 0.157089 0.005022
18.200000 124.869685 1.444735 -0.289296 -0.007347 0.084565 -0.000217 6.823858 -0.055996 0.247391 -0.007469 0.144969 0.004727
18.300000 125.554759 1.439742 -0.282271 -0.007179 0.100298 0.000112 6.822936 -0.047195 0.246274 0.008053 0.167499 0.004044
18.400000 126.240500 1.435803 -0.273083 -0.006490 0.116232 0.000358 6.824812 -0.036290 0.183284 0.001789 0.121355 0.003016
18.500000 126.924355 1.432657 -0.277867 -0.006625 0.120829 0.000594 6.830834 -0.027771 -0.001888 -0.005504 -0.016073 0.002336
18.600000 127.606702 1.430089 -0.294714 -0.007264 0.118161 0.000828 6.831002 -0.021738 -0.040851 -0.006327 -0.014782 0.001968
18.700000 128.289573 1.428308 -0.309307 -0.006402 0.117787 0.001013 6.831890 -0.011842 -0.103639 0.041163 -0.015684 0.001532
18.800000 128.972105 1.427842 -0.330558 0.000136 0.115285 0.001070 6.832703 0.002665 -0.214707 0.075904 -0.023824 -0.000960
18.900000 129.655113 1.428797 -0.353219 0.006858 0.114388 0.000798 6.831134 0.014780 -0.250189 0.056952 0.007427 -0.004304
19.000000 130.338940 1.430570 -0.362205 0.009508 0.116883 0.000285 6.830561 0.020538 -0.084887 0.001318 0.013065 -0.005831
19.100000 131.020958 1.432928 -0.362390 0.008935 0.112024 -0.000309 6.836007 0.027283 -0.151216 -0.002803 -0.111269 -0.004834
19.200000 131.701403 1.436189 -0.374527 0.009251 0.098643 -0.000843 6.836933 0.035989 -0.217900 -0.001598 -0.130184 -0.003447
19.300000 132.382875 1.440301 -0.387667 0.006683 0.088743 -0.001205 6.834519 0.043545 -0.129333 -0.047208 -0.073063 -0.001873
19.400000 133.064988 1.445053 -0.394981 0.001024 0.081904 -0.001284 6.834667 0.052018 -0.104732 -0.059087 -0.074050 0.000980
19.500000 133.747186 1.450818 -0.401249 -0.002173 0.074842 -0.001040 6.833791 0.067799 -0.123579 0.014155 -0.045261 0.003362
19.600000 134.430427 1.458820 -0.400194 0.002448 0.074921 -0.000736 6.830315 0.090474 -0.013659 0.056784 0.036694 0.001954
19.700000 135.114122 1.469014 -0.391041 0.006496 0.078509 -0.000673 6.831211 0.110971 0.008622 0.023349 0.024192 -0.000842
19.800000 135.797316 1.480917 -0.380205 0.010061 0.078310 -0.000843 6.834533 0.128858 0.089117 0.054292 -0.031604 -0.002436
19.900000 136.480055 1.494375 -0.368953 0.016420 0.073478 -0.001251 6.835384 0.142913 0.150943 0.066802 -0.057427 -0.004494
20.000000 137.162877 1.509117 -0.358834 0.022185 0.067584 -0.001922 6.834612 0.151900 0.120439 0.043661 -0.060316 -0.006444
