0.000000 2.306667 0.000000 -0.760129 0.000000 -0.143005 0.000000 4.545455 0.000000 0.000000 0.000000 0.000000 0.000000
0.100000 2.754431 0.000038 -0.561823 0.001066 -0.088708 0.000003 4.812573 0.035789 2.689969 0.115209 1.015865 -0.000680
0.200000 3.230627 0.003230 -0.269199 0.057121 -0.014276 -0.000037 5.119159 0.262709 1.050544 0.762442 0.122146 -0.025530
0.300000 3.750451 0.035784 -0.224149 0.110540 -0.044091 -0.006138 5.374367 0.435647 -0.556038 0.221551 -0.447523 -0.036882
0.400000 4.296305 0.090547 -0.204237 0.112875 -0.067364 -0.012595 5.553325 0.559452 0.154355 -0.056088 0.000809 -0.034749
0.500000 4.855681 0.149116 -0.123142 0.118518 -0.054714 -0.014232 5.718021 0.639534 0.495226 0.190995 0.169016 -0.028691
0.600000 5.430670 0.212785 -0.027646 0.143068 -0.041704 -0.015710 5.871402 0.710882 0.520024 0.269273 0.053567 -0.034780
0.700000 6.021468 0.285309 0.046076 0.172578 -0.035030 -0.018539 5.998086 0.781476 0.318833 0.294995 0.114874 -0.042939
0.800000 6.624713 0.361570 0.115526 0.196026 -0.015836 -0.019793 6.102714 0.837848 0.538079 0.132430 0.259582 -0.053023
0.900000 7.238627 0.437694 0.206483 0.199339 0.009013 -0.020477 6.202325 0.869526 0.557128 -0.047165 0.159048 -0.056941
1.000000 7.862335 0.519857 0.280447 0.186558 0.019151 -0.023936 6.287741 0.862485 0.431449 -0.223322 0.075423 -0.047935
1.100000 8.494457 0.601578 0.335986 0.160592 0.029015 -0.026179 6.356878 0.830713 0.300407 -0.275320 0.124441 -0.029561
1.200000 9.133838 0.680539 0.378271 0.126444 0.040832 -0.026491 6.421168 0.791562 0.245419 -0.410378 0.079556 -0.010791
1.300000 9.778565 0.758422 0.405511 0.087798 0.038578 -0.026768 6.483250 0.767761 0.102583 -0.330022 -0.107184 0.008678
1.400000 10.428518 0.834784 0.430510 0.072055 0.033445 -0.025496 6.523389 0.768599 0.345348 -0.026633 0.008354 0.022305
1.500000 11.083274 0.911233 0.463085 0.072107 0.037646 -0.022950 6.560679 0.782378 0.448819 -0.012464 0.063989 0.020797
1.600000 11.742254 0.989119 0.490815 0.067728 0.044255 -0.020624 6.594891 0.798617 0.486918 -0.015991 0.084772 0.016679
1.700000 12.404475 1.069446 0.507572 0.072877 0.054240 -0.018521 6.623241 0.825871 0.421593 0.069370 0.109111 0.010545
1.800000 13.069855 1.151490 0.525548 0.079303 0.069097 -0.016725 6.644936 0.850754 0.617102 0.054293 0.180546 0.002501
1.900000 13.738534 1.234276 0.548733 0.082093 0.085406 -0.015490 6.668434 0.863351 0.414930 -0.028009 0.135882 -0.003728
2.000000 14.408121 1.319666 0.543521 0.074889 0.101393 -0.014657 6.684361 0.865279 0.242674 -0.073254 0.216621 -0.003930
2.100000 15.081845 1.405533 0.543907 0.071599 0.128254 -0.013075 6.699104 0.874121 0.248064 -0.007275 0.286836 -0.004430
2.200000 15.758451 1.491894 0.546357 0.070914 0.149621 -0.012118 6.722425 0.882965 0.007659 -0.005121 0.114655 -0.006903
2.300000 16.433412 1.579964 0.530611 0.068924 0.155144 -0.012444 6.740071 0.885231 -0.277058 -0.041253 0.035914 -0.006715
2.400000 17.112352 1.669149 0.518453 0.068036 0.165981 -0.012290 6.749807 0.889391 -0.262281 0.008340 0.153151 -0.005469
2.500000 17.792506 1.758674 0.514524 0.070916 0.172669 -0.012427 6.771163 0.898440 -0.558578 0.062025 -0.061010 -0.006367
2.600000 18.465237 1.850064 0.492718 0.079942 0.155626 -0.014384 6.786033 0.908004 -0.773296 0.133696 -0.222302 -0.006138
2.700000 19.137943 1.943731 0.474140 0.096103 0.135318 -0.016834 6.795115 0.925440 -0.496504 0.171539 -0.205192 -0.007187
2.800000 19.809287 2.038669 0.476726 0.110180 0.107588 -0.020558 6.812212 0.939467 -0.259216 0.115711 -0.384543 -0.007712
2.900000 20.481428 2.137769 0.470933 0.118880 0.058572 -0.026757 6.823711 0.926567 -0.219103 0.070420 -0.566877 -0.001068
3.000000 21.161855 2.237451 0.445957 0.121035 0.014768 -0.031653 6.810859 0.885081 0.109751 -0.025667 -0.233517 0.009103
3.100000 21.843366 2.326052 0.446758 0.115517 0.011119 -0.030865 6.800487 0.844543 0.590958 -0.072167 0.099632 0.014232
3.200000 22.525417 2.408182 0.460878 0.110936 0.018375 -0.028638 6.804045 0.822758 0.611508 -0.026574 0.022102 0.012923
3.300000 23.207169 2.486628 0.474814 0.109112 0.032381 -0.025959 6.791741 0.802093 0.972662 -0.034153 0.279747 0.009048
3.400000 23.887600 2.558466 0.500368 0.098719 0.068616 -0.021502 6.786034 0.763051 0.952496 -0.177012 0.428865 0.004250
3.500000 24.569930 2.625418 0.518316 0.078346 0.113893 -0.017085 6.787562 0.715101 0.839044 -0.188613 0.420860 0.003546
3.600000 25.254621 2.691294 0.519103 0.067475 0.147544 -0.014355 6.795597 0.686722 0.674340 -0.028805 0.265758 0.001627
3.700000 25.939572 2.756252 0.506559 0.071389 0.170946 -0.012791 6.798417 0.671162 0.616082 0.081478 0.228624 -0.003423
3.800000 26.623556 2.819686 0.478046 0.073349 0.189952 -0.012026 6.804396 0.641341 0.319554 -0.124154 0.118480 -0.008530
3.900000 27.303503 2.880532 0.419143 0.051718 0.199630 -0.012022 6.807567 0.588245 0.126855 -0.214212 0.076377 -0.001988
4.000000 27.982064 2.936944 0.351586 0.042886 0.204465 -0.011564 6.811823 0.541447 0.055736 0.026724 0.013814 0.005070
4.100000 28.658769 2.989219 0.274144 0.046891 0.203694 -0.011092 6.812845 0.496284 -0.061772 0.029821 0.006986 0.004104
4.200000 29.336090 3.036080 0.191894 0.045137 0.209050 -0.010524 6.809538 0.447082 -0.068245 -0.069408 0.097962 0.002503
4.300000 30.015969 3.077326 0.123851 0.035842 0.218126 -0.009812 6.812998 0.393071 0.064281 -0.090994 0.032098 0.004324
4.400000 30.692637 3.114286 0.053000 0.032046 0.213155 -0.009415 6.818634 0.332307 -0.240496 0.007461 -0.080585 0.006282
4.500000 31.369134 3.143237 -0.034762 0.033697 0.212719 -0.008814 6.812427 0.264791 -0.274930 0.006284 0.091357 0.005223
4.600000 32.050478 3.164440 -0.098039 0.033006 0.221443 -0.008082 6.816316 0.196015 -0.162311 -0.015221 0.005719 0.003353
4.700000 32.726268 3.181138 -0.174851 0.031579 0.212803 -0.008051 6.823503 0.128176 -0.584936 -0.012890 -0.122796 0.003089
4.800000 33.403497 3.189508 -0.261392 0.029448 0.206334 -0.007913 6.820590 0.060252 -0.536100 -0.076903 0.017670 0.003661
4.900000 34.085998 3.190589 -0.305676 0.009484 0.208037 -0.007306 6.825605 -0.023432 -0.414184 -0.284427 -0.056741 0.008530
5.000000 34.761258 3.184758 -0.364726 -0.016736 0.189730 -0.005851 6.834679 -0.101252 -0.874229 -0.215077 -0.268660 0.017456
5.100000 35.435838 3.169982 -0.438676 -0.034436 0.166466 -0.003148 6.828820 -0.166918 -0.620833 -0.186343 -0.163308 0.023325
5.200000 36.113118 3.150483 -0.464132 -0.049765 0.150544 0.000070 6.831418 -0.224082 -0.389212 -0.123911 -0.221941 0.025711
5.300000 36.787393 3.124475 -0.502557 -0.060833 0.120788 0.004240 6.838121 -0.267408 -0.676623 -0.122164 -0.336159 0.022958
5.400000 37.465048 3.093203 -0.542698 -0.078943 0.095637 0.008085 6.831275 -0.303402 -0.474202 -0.187450 -0.095088 0.020598
5.500000 38.149412 3.061053 -0.544268 -0.088738 0.097276 0.010145 6.826344 -0.330629 -0.436339 -0.017275 0.044670 0.022731
5.600000 38.834625 3.025467 -0.549521 -0.087223 0.097497 0.012279 6.828225 -0.351332 -0.620732 -0.006739 -0.027225 0.019088
5.700000 39.517582 2.989220 -0.522543 -0.087993 0.096881 0.014007 6.827876 -0.374712 -0.232932 -0.014657 -0.036093 0.014393
5.800000 40.194824 2.950757 -0.481495 -0.088764 0.083747 0.016415 6.836628 -0.395168 -0.370442 -0.000131 -0.222127 0.009789
5.900000 40.870979 2.907985 -0.461337 -0.085563 0.058867 0.019268 6.840186 -0.411036 -0.430111 0.080805 -0.264909 0.002884
6.000000 41.548447 2.863472 -0.445583 -0.074418 0.030339 0.021391 6.843189 -0.428759 -0.346860 0.117091 -0.305818 -0.006701
6.100000 42.227955 2.817600 -0.426866 -0.068700 0.000620 0.022320 6.842551 -0.456572 -0.158933 -0.017751 -0.278175 -0.015793
6.200000 42.909833 2.768909 -0.401353 -0.071960 -0.020013 0.022065 6.833529 -0.487415 0.098933 0.030715 -0.088850 -0.016939
6.300000 43.591679 2.719064 -0.355348 -0.061662 -0.022575 0.020581 6.830645 -0.511291 0.353440 0.143026 -0.004298 -0.016974
6.400000 44.274707 2.667327 -0.307148 -0.051738 -0.024755 0.018882 6.835778 -0.543343 0.480811 0.008306 -0.011226 -0.019059
6.500000 44.958065 2.611813 -0.258916 -0.057967 -0.016277 0.016658 6.828413 -0.579201 0.758022 -0.109507 0.191978 -0.014290
6.600000 45.641049 2.554698 -0.192866 -0.069200 0.008273 0.014210 6.823823 -0.594079 1.040703 -0.101554 0.256846 -0.002896
6.700000 46.325304 2.497494 -0.140394 -0.074127 0.028421 0.012938 6.825510 -0.574236 0.544325 0.000761 0.179146 0.005452
6.800000 47.008651 2.444232 -0.127350 -0.072475 0.056946 0.011556 6.818230 -0.538781 0.395456 0.014453 0.420698 0.008513
6.900000 47.697763 2.398392 -0.089444 -0.074859 0.106125 0.009056 6.815360 -0.509480 0.530622 -0.050617 0.479336 0.014488
7.000000 48.388434 2.354739 -0.059894 -0.075618 0.137238 0.008440 6.829177 -0.456128 -0.003279 0.049534 0.147613 0.019199
7.100000 49.074657 2.314829 -0.059266 -0.066848 0.145644 0.009621 6.831351 -0.371100 -0.116536 0.086622 0.082209 0.014991
7.200000 49.759798 2.282957 -0.045062 -0.057553 0.151074 0.010445 6.837978 -0.278497 -0.093245 0.097772 -0.071279 0.008335
7.300000 50.436729 2.255510 -0.071218 -0.052390 0.127221 0.012216 6.850282 -0.188753 -0.617692 -0.008268 -0.335228 0.001076
7.400000 51.115180 2.238124 -0.115827 -0.053351 0.102844 0.013366 6.842056 -0.096774 -0.312680 0.046542 -0.116946 -0.003280
7.500000 51.797785 2.232840 -0.122958 -0.037694 0.095282 0.013210 6.845159 0.007813 -0.336258 0.237918 -0.067529 -0.008098
7.600000 52.481512 2.238996 -0.134348 -0.012962 0.087813 0.012111 6.847786 0.105207 -0.499836 0.226931 -0.069372 -0.017812
7.700000 53.167115 2.255460 -0.138629 0.014739 0.086765 0.009880 6.840255 0.196617 -0.377264 0.374652 0.057312 -0.027550
7.800000 53.852232 2.279222 -0.111473 0.050753 0.090750 0.006600 6.844759 0.274687 -0.084157 0.292330 -0.043328 -0.039231
7.900000 54.531258 2.308956 -0.080211 0.070472 0.073161 0.001299 6.855644 0.342519 -0.139549 0.151052 -0.288479 -0.041605
8.000000 55.209831 2.346098 -0.056690 0.085225 0.043503 -0.004933 6.852008 0.403176 -0.102115 0.116875 -0.274574 -0.035880
8.100000 55.892168 2.390834 -0.050253 0.088114 0.025201 -0.009793 6.842421 0.443945 -0.144986 -0.049867 -0.076665 -0.028182
8.200000 56.575895 2.438684 -0.039099 0.083132 0.023641 -0.012253 6.838831 0.478484 -0.035411 -0.018158 0.001922 -0.018415
8.300000 57.259437 2.488269 -0.008898 0.081824 0.026503 -0.013527 6.835885 0.519875 0.255477 0.027159 0.068504 -0.012338
8.400000 57.943095 2.540745 0.040724 0.090586 0.035896 -0.013918 6.834398 0.573142 0.323459 0.121082 0.096806 -0.012782
8.500000 58.627055 2.598073 0.087681 0.098184 0.045701 -0.014459 6.833410 0.616384 0.354715 -0.011562 0.112099 -0.016328
8.600000 59.311148 2.659650 0.127154 0.094224 0.053825 -0.015267 6.835892 0.652055 0.132269 -0.036834 0.049922 -0.014582
8.700000 59.995137 2.725859 0.153237 0.093575 0.058354 -0.016130 6.835990 0.686877 0.120772 0.021486 0.045258 -0.011333
8.800000 60.679266 2.795126 0.182532 0.095368 0.063677 -0.016697 6.836055 0.723022 0.190530 0.009320 0.053414 -0.010207
8.900000 61.363312 2.867951 0.208634 0.093681 0.066641 -0.017374 6.837954 0.755803 0.221793 -0.021520 0.015470 -0.008500
9.000000 62.047403 2.943343 0.239177 0.094702 0.065653 -0.018199 6.841946 0.793073 0.337885 0.053165 -0.046756 -0.006266
9.100000 62.732038 3.023612 0.258454 0.103759 0.059897 -0.019380 6.841981 0.840401 0.301854 0.124998 -0.036207 -0.006424
9.200000 63.416638 3.109686 0.261655 0.110783 0.060549 -0.020093 6.836785 0.886598 0.312149 -0.004004 0.055448 -0.009028
9.300000 64.101941 3.197429 0.277829 0.106226 0.068286 -0.020141 6.834873 0.918050 0.566474 -0.063470 0.058594 -0.008144
9.400000 64.787140 3.288482 0.283307 0.102609 0.071460 -0.020483 6.834303 0.936813 0.359401 -0.004709 0.049457 -0.005281
9.500000 65.472023 3.381159 0.281872 0.102333 0.084167 -0.019666 6.830214 0.949171 0.699690 -0.013598 0.186645 -0.005173
9.600000 66.159733 3.472686 0.295339 0.098287 0.100839 -0.018570 6.835523 0.971992 0.837623 -0.081090 0.113247 -0.006428
9.700000 66.845926 3.568939 0.275846 0.092300 0.107412 -0.018506 6.834291 1.006149 0.483453 -0.031162 0.099597 -0.004434
9.800000 67.529479 3.668852 0.245869 0.091010 0.131528 -0.016708 6.823046 1.022872 0.689328 -0.007581 0.374707 -0.005062
9.900000 68.217658 3.766048 0.230673 0.090229 0.172189 -0.013746 6.831797 1.005302 0.387745 0.019763 0.389621 -0.010533
10.000000 68.908509 3.859753 0.187923 0.100903 0.208178 -0.011804 6.841059 0.967050 -0.056106 0.181076 0.350952 -0.019989
10.100000 69.604055 3.947063 0.134377 0.116735 0.242052 -0.010682 6.840072 0.913719 -0.326898 0.041333 0.282267 -0.031595
10.200000 70.294161 4.031005 0.090173 0.103313 0.254472 -0.012508 6.852742 0.831431 -0.362961 -0.272643 -0.080947 -0.029288
10.300000 70.966541 4.112137 0.030190 0.073034 0.227962 -0.017015 6.866220 0.712717 -0.730028 -0.256018 -0.381964 -0.010896
10.400000 71.638807 4.179797 -0.051408 0.051365 0.197952 -0.018892 6.860262 0.583919 -0.684427 -0.144686 -0.231897 0.010502
10.500000 72.314928 4.234666 -0.120822 0.045005 0.173670 -0.018377 6.863405 0.486807 -0.648812 -0.002325 -0.293183 0.020122
10.600000 72.988745 4.283082 -0.204730 0.048783 0.135726 -0.018054 6.869179 0.411569 -1.033677 0.069407 -0.417938 0.020682
10.700000 73.668422 4.321831 -0.277448 0.046610 0.112784 -0.017266 6.852750 0.330479 -0.188976 -0.147291 -0.034351 0.018037
10.800000 74.353506 4.349955 -0.279596 0.022706 0.112690 -0.015306 6.853326 0.234909 0.164411 -0.283922 -0.040389 0.022134
10.900000 75.036188 4.370675 -0.291899 0.003537 0.096965 -0.012877 6.860822 0.153117 -0.125625 -0.071907 -0.235029 0.028192
11.000000 75.719385 4.382982 -0.320749 0.002078 0.083530 -0.010086 6.849679 0.089243 0.027731 -0.006747 0.006695 0.026630
11.100000 76.404902 4.387589 -0.340294 -0.011609 0.091814 -0.007628 6.847251 0.026981 -0.070532 -0.303676 0.106685 0.024486
11.200000 77.091131 4.386244 -0.361147 -0.048276 0.098265 -0.004971 6.853911 -0.037275 -0.139987 -0.332599 0.067930 0.033365
11.300000 77.779261 4.380640 -0.360168 -0.064901 0.108861 -0.001811 6.852866 -0.082280 -0.111175 -0.015089 0.128953 0.039936
11.400000 78.469494 4.371581 -0.355331 -0.060193 0.123702 0.001036 6.850206 -0.110213 -0.221445 0.046615 0.161637 0.033833
11.500000 79.158981 4.360341 -0.346611 -0.056366 0.133340 0.003461 6.856565 -0.124823 -0.310976 0.026477 -0.019985 0.025622
11.600000 79.839617 4.346786 -0.342876 -0.052904 0.116896 0.006534 6.867983 -0.135986 -0.506600 0.044838 -0.280705 0.017167
11.700000 80.518685 4.330480 -0.356795 -0.047151 0.089621 0.009158 6.865230 -0.155937 -0.599824 0.052529 -0.215193 0.007559
11.800000 81.201716 4.312020 -0.362719 -0.044982 0.073560 0.010261 6.862177 -0.182034 -0.485306 -0.015044 -0.141277 0.000647
11.900000 81.884125 4.291851 -0.353559 -0.044952 0.056679 0.010962 6.865222 -0.200150 -0.422299 0.048252 -0.206555 -0.001687
12.000000 82.566202 4.270642 -0.350169 -0.030484 0.032884 0.011512 6.864105 -0.205226 -0.350884 0.131880 -0.171964 -0.007111
12.100000 83.249777 4.249383 -0.314894 -0.028826 0.025421 0.010679 6.857587 -0.227704 0.028614 -0.101093 -0.013461 -0.011881
12.200000 83.932964 4.225223 -0.262749 -0.046390 0.021099 0.009932 6.862931 -0.263991 0.059567 -0.188889 -0.120859 -0.005167
12.300000 84.616305 4.196753 -0.227600 -0.058330 0.004082 0.010756 6.863895 -0.275570 0.011802 -0.027864 -0.148255 0.002415
12.400000 85.300986 4.169134 -0.191559 -0.053964 0.000022 0.011304 6.854741 -0.260137 0.213890 0.069458 0.052044 0.002416
12.500000 85.985690 4.144338 -0.142940 -0.053600 0.006065 0.011107 6.855440 -0.245480 0.305283 -0.085451 0.033711 0.000747
12.600000 86.670673 4.120401 -0.103486 -0.062987 0.008323 0.011199 6.854381 -0.231757 0.202361 -0.054725 0.051837 0.004234
12.700000 87.356027 4.099950 -0.062964 -0.060739 0.020036 0.011009 6.849469 -0.200876 0.384847 0.101004 0.168267 0.005723
12.800000 88.041778 4.083477 -0.003013 -0.049438 0.036023 0.010534 6.853199 -0.159227 0.490114 0.113767 0.098331 0.002201
12.900000 88.727652 4.069415 0.028532 -0.039091 0.038230 0.010420 6.858285 -0.120113 0.188836 0.090344 -0.005220 -0.002446
13.000000 89.413792 4.059568 0.046532 -0.030783 0.044409 0.009750 6.851935 -0.087218 0.390459 0.062182 0.147750 -0.006561
13.100000 90.100837 4.053372 0.079488 -0.023765 0.059843 0.008573 6.855768 -0.055563 0.174565 0.105889 0.120867 -0.008149
13.200000 90.788128 4.050112 0.090049 -0.008970 0.069269 0.007450 6.858393 -0.021344 -0.034773 0.172896 0.097796 -0.011635
13.300000 91.476753 4.049440 0.099136 0.007701 0.083138 0.006001 6.853801 0.005374 -0.075074 0.178082 0.170225 -0.017270
13.400000 92.165186 4.049853 0.121712 0.020339 0.095574 0.004202 6.859386 0.010959 0.050099 0.057877 0.027193 -0.021141
13.500000 92.849004 4.050855 0.140768 0.021097 0.085925 0.001945 6.869910 0.000095 -0.018991 -0.003035 -0.190886 -0.018712
13.600000 93.532305 4.051190 0.147740 0.021963 0.066149 -0.000100 6.869457 -0.017457 0.013027 0.010868 -0.187187 -0.013736
13.700000 94.217415 4.049198 0.141806 0.019101 0.050592 -0.001595 6.866362 -0.045069 0.033285 -0.071080 -0.113184 -0.009285
13.800000 94.903451 4.043431 0.132408 0.010171 0.042542 -0.002346 6.863679 -0.082923 0.077176 -0.090732 -0.056900 -0.003057
13.900000 95.589701 4.033180 0.127584 0.002515 0.042878 -0.002358 6.857031 -0.125329 0.299329 -0.039801 0.089064 0.002619
14.000000 96.276663 4.018701 0.145735 0.003311 0.057281 -0.001961 6.853320 -0.162977 0.444915 0.040784 0.171805 0.003684
14.100000 96.964133 3.999951 0.161273 0.007513 0.074732 -0.001614 6.852876 -0.200737 0.321849 0.033776 0.181296 0.001142
14.200000 97.652134 3.976931 0.173405 0.007017 0.091798 -0.001459 6.854427 -0.246000 0.329891 -0.048018 0.145261 -0.000198
14.300000 98.339847 3.950198 0.184012 -0.001237 0.101268 -0.001347 6.859141 -0.301997 0.239110 -0.119335 0.039558 0.002181
14.400000 99.026419 3.917462 0.176391 -0.015555 0.103939 -0.000894 6.860320 -0.362499 0.140390 -0.148416 0.022728 0.007630
14.500000 99.712799 3.878748 0.161872 -0.028150 0.106465 0.000106 6.860112 -0.413047 0.164109 -0.102008 0.027542 0.013007
14.600000 100.399191 3.836015 0.148731 -0.037255 0.108004 0.001515 6.861349 -0.451381 0.154811 -0.101723 -0.005818 0.015514
14.700000 101.085036 3.789549 0.127338 -0.047770 0.107787 0.003159 6.859876 -0.481272 0.043228 -0.103370 0.028766 0.017086
14.800000 101.771889 3.740456 0.105322 -0.056846 0.117009 0.004475 6.855221 -0.500055 0.083906 -0.082010 0.146808 0.018906
14.900000 102.460446 3.690822 0.092902 -0.065487 0.131718 0.005572 6.856536 -0.510941 0.032056 -0.097452 0.127102 0.020732
15.000000 103.148539 3.640434 0.082127 -0.074081 0.140554 0.007128 6.860452 -0.517884 -0.044851 -0.070252 0.042660 0.021973
15.100000 103.835040 3.588949 0.066233 -0.078505 0.141838 0.009207 6.862517 -0.519224 -0.146008 -0.031292 -0.002092 0.020499
15.200000 104.521317 3.537294 0.050126 -0.081596 0.142030 0.011114 6.863243 -0.517411 -0.124383 -0.036190 -0.019526 0.017434
15.300000 105.205616 3.484915 0.029687 -0.081798 0.134138 0.013362 6.868666 -0.514958 -0.241541 0.033632 -0.139863 0.013492
15.400000 105.888296 3.431824 0.000028 -0.075383 0.117946 0.015669 6.869825 -0.510868 -0.223916 0.085749 -0.162802 0.006121
15.500000 106.572212 3.379968 -0.023584 -0.065890 0.105264 0.016757 6.866234 -0.504567 -0.057022 0.072178 -0.078655 -0.002441
15.600000 107.257610 3.329303 -0.037874 -0.060993 0.099975 0.016565 6.864315 -0.502950 0.013748 0.044398 -0.036529 -0.007219
15.700000 107.943194 3.278845 -0.050985 -0.055590 0.095546 0.015999 6.865023 -0.503994 -0.018419 0.064133 -0.055839 -0.009046
15.800000 108.628947 3.228084 -0.066480 -0.050520 0.092960 0.015146 6.861319 -0.508800 0.013329 0.014932 0.029852 -0.010506
15.900000 109.316418 3.177090 -0.073853 -0.053839 0.102281 0.013692 6.857264 -0.516614 0.048415 -0.067417 0.145024 -0.007711
16.000000 110.005787 3.126559 -0.071576 -0.061477 0.117389 0.012371 6.859400 -0.517496 -0.028994 -0.080102 0.138087 -0.000941
16.100000 110.694921 3.076495 -0.066024 -0.070090 0.127098 0.011971 6.864587 -0.510696 -0.062203 -0.080973 0.040598 0.005329
16.200000 111.381061 3.026350 -0.064447 -0.076868 0.124508 0.012897 6.870046 -0.495260 -0.218665 -0.059263 -0.069178 0.008377
16.300000 112.066419 2.977349 -0.076709 -0.079230 0.117672 0.014299 6.871136 -0.465964 -0.186036 0.026847 -0.068842 0.008065
16.400000 112.750974 2.931582 -0.080705 -0.072764 0.106864 0.015751 6.875509 -0.419107 -0.073999 0.088401 -0.165356 0.003569
16.500000 113.434123 2.889473 -0.086854 -0.063458 0.085501 0.017197 6.877088 -0.364045 -0.082968 0.081300 -0.240356 -0.004043
16.600000 114.118828 2.853689 -0.112941 -0.058876 0.070096 0.017382 6.866510 -0.314342 -0.223694 0.020455 -0.003721 -0.010204
16.700000 114.806935 2.826231 -0.117355 -0.056856 0.081566 0.015667 6.858344 -0.274279 0.042986 0.029667 0.163782 -0.009821
16.800000 115.494898 2.801882 -0.106644 -0.052825 0.090635 0.014292 6.864760 -0.239213 0.000823 0.065887 0.009325 -0.007700
16.900000 116.180780 2.779692 -0.099135 -0.040400 0.087315 0.013629 6.867361 -0.195214 0.020010 0.173366 -0.045339 -0.009533
17.000000 116.867250 2.762218 -0.084627 -0.025876 0.087720 0.012384 6.862813 -0.155865 0.185181 0.094574 0.058991 -0.015139
17.100000 117.553715 2.748321 -0.073119 -0.014031 0.087948 0.010702 6.869875 -0.125111 -0.151415 0.152887 -0.097868 -0.017620
17.200000 118.238588 2.736928 -0.095455 0.006654 0.075870 0.008829 6.869237 -0.100650 -0.337105 0.232732 -0.072654 -0.021725
17.300000 118.926239 2.727230 -0.102777 0.024465 0.079700 0.006404 6.861476 -0.086487 -0.102049 0.110204 0.125738 -0.027945
17.400000 119.614917 2.717958 -0.079978 0.028841 0.089951 0.003846 6.866549 -0.086589 -0.051696 0.002209 0.025311 -0.027283
17.500000 120.299784 2.709612 -0.063996 0.028216 0.082135 0.001155 6.876041 -0.095039 -0.233647 0.002313 -0.155807 -0.021466
17.600000 120.984673 2.700458 -0.061417 0.027179 0.068451 -0.001067 6.879596 -0.109980 -0.017804 -0.053861 -0.099904 -0.015265
17.700000 121.671202 2.689127 -0.041371 0.014479 0.058182 -0.002458 6.884962 -0.128944 0.288606 -0.186053 -0.139505 -0.007433
17.800000 122.359317 2.675809 -0.027733 -0.001242 0.034778 -0.002804 6.890458 -0.132063 0.223601 -0.094903 -0.313058 0.002475
17.900000 123.048916 2.662145 -0.044223 -0.007116 0.013779 -0.002151 6.873827 -0.120919 0.276334 -0.032210 -0.016712 0.007917
18.000000 123.735320 2.651091 -0.041661 -0.011784 0.031984 -0.001447 6.859412 -0.105326 0.608785 -0.067036 0.311202 0.009688
18.100000 124.422884 2.642330 -0.023518 -0.018162 0.059780 -0.000795 6.863352 -0.086794 0.498162 -0.076218 0.231237 0.011457
18.200000 125.111968 2.636194 -0.009655 -0.021451 0.086418 -0.000132 6.859817 -0.059753 0.543935 0.012700 0.315634 0.012270
18.300000 125.804273 2.633411 0.019247 -0.018178 0.121294 0.000303 6.857514 -0.030965 0.702143 0.021104 0.363288 0.009945
18.400000 126.496852 2.632530 0.039215 -0.011602 0.145206 0.000753 6.871651 -0.002943 0.237094 0.063388 0.050447 0.006340
18.500000 127.182860 2.633054 0.005667 -0.006985 0.141367 0.001225 6.875774 0.019497 -0.024603 0.044675 -0.039667 0.002487
18.600000 127.870731 2.636081 -0.022659 -0.001569 0.146593 0.001289 6.872801 0.040625 0.092497 0.096261 0.117266 -0.000868
18.700000 128.559791 2.641173 -0.053247 0.011728 0.153624 0.000978 6.883366 0.059410 -0.307226 0.146169 0.009403 -0.005946
18.800000 129.248157 2.647693 -0.103355 0.026569 0.154109 0.000096 6.883932 0.071645 -0.547650 0.138791 0.039058 -0.011780
18.900000 129.941266 2.654555 -0.140535 0.035623 0.165133 -0.000977 6.875426 0.077429 -0.357820 0.042565 0.150810 -0.015954
19.000000 130.631891 2.661823 -0.141763 0.036186 0.169802 -0.002425 6.885893 0.075088 -0.353845 -0.024849 -0.121265 -0.015086
19.100000 131.310610 2.670486 -0.160334 0.030781 0.142401 -0.004635 6.897009 0.064969 -0.609017 -0.072711 -0.365012 -0.009516
19.200000 131.990050 2.678115 -0.194861 0.022038 0.109078 -0.006098 6.893719 0.056100 -0.513501 -0.101835 -0.275631 -0.001538
19.300000 132.673813 2.684316 -0.219062 0.009409 0.086189 -0.006247 6.890914 0.058410 -0.388317 -0.144587 -0.210206 0.005960
19.400000 133.358244 2.690651 -0.243909 -0.001022 0.060070 -0.005420 6.894570 0.074714 -0.519983 -0.099381 -0.279544 0.011548
19.500000 134.045385 2.699133 -0.254557 -0.007175 0.047021 -0.004065 6.882042 0.098133 -0.139457 0.004148 0.035249 0.014049
19.600000 134.734496 2.711152 -0.225442 -0.002830 0.055405 -0.002816 6.881464 0.132473 0.046529 0.058600 0.062733 0.010944
19.700000 135.422396 2.725887 -0.198608 0.001472 0.052965 -0.001971 6.895000 0.170942 0.081865 0.044362 -0.094727 0.006245
19.800000 136.110649 2.743950 -0.175092 0.008813 0.040327 -0.001612 6.901492 0.215376 0.269999 0.092527 -0.148244 0.002044
19.900000 136.800876 2.765710 -0.143276 0.014015 0.026724 -0.001803 6.896329 0.252174 0.554816 -0.005398 -0.123973 -0.002103
20.000000 137.491627 2.791738 -0.134358 0.014539 0.015138 -0.002208 6.889481 0.279783 0.206417 0.029980 -0.062425 -0.002386
