0,100
0.01,100
0.02,99.998
0.03,99.996
0.04,99.992
0.05,99.988
0.06,99.982
0.07,99.976
0.08,99.969
0.09,99.96
0.1,99.951
0.11,99.941
0.12,99.929
0.13,99.917
0.14,99.904
0.15,99.89
0.16,99.875
0.17,99.858
0.18,99.841
0.19,99.823
0.2,99.804
0.21,99.784
0.22,99.763
0.23,99.741
0.24,99.718
0.25,99.694
0.26,99.67
0.27,99.644
0.28,99.617
0.29,99.589
0.3,99.561
0.31,99.531
0.32,99.5
0.33,99.469
0.34,99.436
0.35,99.403
0.36,99.368
0.37,99.333
0.38,99.297
0.39,99.26
0.4,99.221
0.41,99.182
0.42,99.142
0.43,99.101
0.44,99.059
0.45,99.017
0.46,98.973
0.47,98.928
0.48,98.883
0.49,98.836
0.5,98.789
0.51,98.74
0.52,98.691
0.53,98.641
0.54,98.59
0.55,98.538
0.56,98.485
0.57,98.432
0.58,98.377
0.59,98.322
0.6,98.265
0.61,98.208
0.62,98.15
0.63,98.091
0.64,98.031
0.65,97.97
0.66,97.908
0.67,97.846
0.68,97.783
0.69,97.718
0.7,97.653
0.71,97.587
0.72,97.521
0.73,97.453
0.74,97.385
0.75,97.315
0.76,97.245
0.77,97.174
0.78,97.103
0.79,97.03
0.8,96.957
0.81,96.882
0.82,96.807
0.83,96.731
0.84,96.655
0.85,96.577
0.86,96.499
0.87,96.42
0.88,96.34
0.89,96.26
0.9,96.178
0.91,96.096
0.92,96.013
0.93,95.93
0.94,95.845
0.95,95.76
0.96,95.674
0.97,95.587
0.98,95.5
0.99,95.412
1,95.323
1.01,95.233
1.02,95.142
1.03,95.051
1.04,94.959
1.05,94.867
1.06,94.773
1.07,94.679
1.08,94.585
1.09,94.489
1.1,94.393
1.11,94.296
1.12,94.199
1.13,94.101
1.14,94.002
1.15,93.902
1.16,93.802
1.17,93.701
1.18,93.599
1.19,93.497
1.2,93.394
1.21,93.291
1.22,93.186
1.23,93.081
1.24,92.976
1.25,92.87
1.26,92.763
1.27,92.656
1.28,92.548
1.29,92.439
1.3,92.33
1.31,92.22
1.32,92.109
1.33,91.998
1.34,91.886
1.35,91.774
1.36,91.661
1.37,91.548
1.38,91.434
1.39,91.319
1.4,91.204
1.41,91.088
1.42,90.972
1.43,90.855
1.44,90.737
1.45,90.619
1.46,90.501
1.47,90.381
1.48,90.262
1.49,90.142
1.5,90.021
1.51,89.899
1.52,89.778
1.53,89.655
1.54,89.532
1.55,89.409
1.56,89.285
1.57,89.161
1.58,89.036
1.59,88.91
1.6,88.784
1.61,88.658
1.62,88.531
1.63,88.404
1.64,88.276
1.65,88.148
1.66,88.019
1.67,87.889
1.68,87.76
1.69,87.629
1.7,87.499
1.71,87.368
1.72,87.236
1.73,87.104
1.74,86.972
1.75,86.839
1.76,86.705
1.77,86.571
1.78,86.437
1.79,86.303
1.8,86.168
1.81,86.032
1.82,85.896
1.83,85.76
1.84,85.623
1.85,85.486
1.86,85.348
1.87,85.21
1.88,85.072
1.89,84.933
1.9,84.794
1.91,84.655
1.92,84.515
1.93,84.374
1.94,84.234
1.95,84.093
1.96,83.951
1.97,83.81
1.98,83.667
1.99,83.525
2,83.382
2.01,83.239
2.02,83.095
2.03,82.951
2.04,82.807
2.05,82.663
2.06,82.518
2.07,82.372
2.08,82.227
2.09,82.081
2.1,81.935
2.11,81.788
2.12,81.641
2.13,81.494
2.14,81.346
2.15,81.199
2.16,81.05
2.17,80.902
2.18,80.753
2.19,80.604
2.2,80.455
2.21,80.305
2.22,80.155
2.23,80.005
2.24,79.854
2.25,79.703
2.26,79.552
2.27,79.401
2.28,79.249
2.29,79.097
2.3,78.945
2.31,78.793
2.32,78.64
2.33,78.487
2.34,78.334
2.35,78.18
2.36,78.026
2.37,77.872
2.38,77.718
2.39,77.563
2.4,77.408
2.41,77.253
2.42,77.098
2.43,76.943
2.44,76.787
2.45,76.631
2.46,76.475
2.47,76.318
2.48,76.161
2.49,76.004
2.5,75.847
2.51,75.69
2.52,75.532
2.53,75.374
2.54,75.216
2.55,75.058
2.56,74.9
2.57,74.741
2.58,74.582
2.59,74.423
2.6,74.264
2.61,74.104
2.62,73.944
2.63,73.784
2.64,73.624
2.65,73.464
2.66,73.304
2.67,73.143
2.68,72.982
2.69,72.821
2.7,72.66
2.71,72.498
2.72,72.337
2.73,72.175
2.74,72.013
2.75,71.851
2.76,71.688
2.77,71.526
2.78,71.363
2.79,71.2
2.8,71.037
2.81,70.874
2.82,70.711
2.83,70.547
2.84,70.384
2.85,70.22
2.86,70.056
2.87,69.892
2.88,69.728
2.89,69.563
2.9,69.399
2.91,69.234
2.92,69.069
2.93,68.904
2.94,68.739
2.95,68.573
2.96,68.408
2.97,68.242
2.98,68.076
2.99,67.911
3,67.745
3.01,67.578
3.02,67.412
3.03,67.246
3.04,67.079
3.05,66.912
3.06,66.745
3.07,66.579
3.08,66.411
3.09,66.244
3.1,66.077
3.11,65.909
3.12,65.742
3.13,65.574
3.14,65.406
3.15,65.238
3.16,65.07
3.17,64.902
3.18,64.734
3.19,64.565
3.2,64.397
3.21,64.228
3.22,64.06
3.23,63.891
3.24,63.722
3.25,63.553
3.26,63.384
3.27,63.214
3.28,63.045
3.29,62.876
3.3,62.706
3.31,62.536
3.32,62.367
3.33,62.197
3.34,62.027
3.35,61.857
3.36,61.686
3.37,61.516
3.38,61.346
3.39,61.175
3.4,61.005
3.41,60.834
3.42,60.664
3.43,60.493
3.44,60.322
3.45,60.151
3.46,59.98
3.47,59.809
3.48,59.638
3.49,59.466
3.5,59.295
3.51,59.123
3.52,58.952
3.53,58.78
3.54,58.609
3.55,58.437
3.56,58.265
3.57,58.093
3.58,57.921
3.59,57.749
3.6,57.577
3.61,57.405
3.62,57.232
3.63,57.06
3.64,56.887
3.65,56.715
3.66,56.542
3.67,56.37
3.68,56.197
3.69,56.024
3.7,55.851
3.71,55.678
3.72,55.505
3.73,55.332
3.74,55.159
3.75,54.986
3.76,54.813
3.77,54.64
3.78,54.466
3.79,54.293
3.8,54.119
3.81,53.946
3.82,53.772
3.83,53.599
3.84,53.425
3.85,53.251
3.86,53.077
3.87,52.903
3.88,52.729
3.89,52.556
3.9,52.381
3.91,52.207
3.92,52.033
3.93,51.859
3.94,51.685
3.95,51.51
3.96,51.336
3.97,51.162
3.98,50.987
3.99,50.813
4,50.638
4.01,50.464
4.02,50.289
4.03,50.114
4.04,49.94
4.05,49.765
4.06,49.59
4.07,49.415
4.08,49.24
4.09,49.065
4.1,48.89
4.11,48.715
4.12,48.54
4.13,48.365
4.14,48.19
4.15,48.015
4.16,47.839
4.17,47.664
4.18,47.489
4.19,47.313
4.2,47.138
4.21,46.962
4.22,46.787
4.23,46.611
4.24,46.436
4.25,46.26
4.26,46.085
4.27,45.909
4.28,45.733
4.29,45.558
4.3,45.382
4.31,45.206
4.32,45.03
4.33,44.854
4.34,44.678
4.35,44.502
4.36,44.326
4.37,44.15
4.38,43.974
4.39,43.798
4.4,43.622
4.41,43.446
4.42,43.27
4.43,43.094
4.44,42.917
4.45,42.741
4.46,42.565
4.47,42.389
4.48,42.212
4.49,42.036
4.5,41.859
4.51,41.683
4.52,41.507
4.53,41.33
4.54,41.154
4.55,40.977
4.56,40.8
4.57,40.624
4.58,40.447
4.59,40.271
4.6,40.094
4.61,39.917
4.62,39.741
4.63,39.564
4.64,39.387
4.65,39.21
4.66,39.033
4.67,38.857
4.68,38.68
4.69,38.503
4.7,38.326
4.71,38.149
4.72,37.972
4.73,37.795
4.74,37.618
4.75,37.441
4.76,37.264
4.77,37.087
4.78,36.91
4.79,36.733
4.8,36.556
4.81,36.379
4.82,36.201
4.83,36.024
4.84,35.847
4.85,35.67
4.86,35.493
4.87,35.315
4.88,35.138
4.89,34.961
4.9,34.783
4.91,34.606
4.92,34.429
4.93,34.251
4.94,34.074
4.95,33.897
4.96,33.719
4.97,33.542
4.98,33.364
4.99,33.187
5,33.009
5.01,32.832
5.02,32.654
5.03,32.477
5.04,32.299
5.05,32.122
5.06,31.944
5.07,31.767
5.08,31.589
5.09,31.411
5.1,31.234
5.11,31.056
5.12,30.878
5.13,30.701
5.14,30.523
5.15,30.345
5.16,30.168
5.17,29.99
5.18,29.812
5.19,29.634
5.2,29.456
5.21,29.279
5.22,29.101
5.23,28.923
5.24,28.745
5.25,28.567
5.26,28.39
5.27,28.212
5.28,28.034
5.29,27.856
5.3,27.678
5.31,27.5
5.32,27.322
5.33,27.144
5.34,26.966
5.35,26.788
5.36,26.61
5.37,26.432
5.38,26.254
5.39,26.076
5.4,25.898
5.41,25.72
5.42,25.542
5.43,25.364
5.44,25.186
5.45,25.008
5.46,24.83
5.47,24.652
5.48,24.474
5.49,24.296
5.5,24.118
5.51,23.94
5.52,23.761
5.53,23.583
5.54,23.405
5.55,23.227
5.56,23.049
5.57,22.871
5.58,22.692
5.59,22.514
5.6,22.336
5.61,22.158
5.62,21.98
5.63,21.801
5.64,21.623
5.65,21.445
5.66,21.267
5.67,21.088
5.68,20.91
5.69,20.732
5.7,20.554
5.71,20.375
5.72,20.197
5.73,20.019
5.74,19.84
5.75,19.662
5.76,19.484
5.77,19.305
5.78,19.127
5.79,18.949
5.8,18.77
5.81,18.592
5.82,18.414
5.83,18.235
5.84,18.057
5.85,17.879
5.86,17.7
5.87,17.522
5.88,17.343
5.89,17.165
5.9,16.986
5.91,16.808
5.92,16.63
5.93,16.451
5.94,16.273
5.95,16.094
5.96,15.916
5.97,15.737
5.98,15.559
5.99,15.38
6,15.202
