-80.708
-80.608
-80.508
-80.408
-80.308
-80.208
-80.108
-80.008
-79.907
-79.807
-79.707
-79.607
-79.507
-79.407
-79.307
-79.207
-79.107
-79.007
-78.907
-78.807
-78.707
-78.607
-78.507
-78.406
-78.306
-78.206
-78.106
-78.006
-77.906
-77.806
-77.706
-77.606
-77.506
-77.406
-77.306
-77.206
-77.106
-77.005
-76.905
-76.805
-76.705
-76.605
-76.505
-76.405
-76.305
-76.205
-76.105
-76.005
-75.905
-75.805
-75.705
-75.605
-75.504
-75.404
-75.304
-75.204
-75.104
-75.004
-74.904
-74.804
-74.704
-74.604
-74.504
-74.404
-74.304
-74.204
-74.104
-74.003
-73.903
-73.803
-73.703
-73.603
-73.503
-73.403
-73.303
-73.203
-73.103
-73.003
-72.903
-72.803
-72.703
-72.603
-72.502
-72.402
-72.302
-72.202
-72.102
-72.002
-71.902
-71.802
-71.702
-71.602
-71.502
-71.402
-71.302
-71.202
-71.101
-71.001
-70.901
-70.801
-70.701
-70.601
-70.501
-70.401
-70.301
-70.201
-70.101
-70.001
-69.901
-69.801
-69.701
-69.6
-69.5
-69.4
-69.3
-69.2
-69.1
-69
-68.9
-68.8
-68.7
-68.6
-68.5
-68.4
-68.3
-68.2
-68.099
-67.999
-67.899
-67.799
-67.699
-67.599
-67.499
-67.399
-67.299
-67.199
-67.099
-66.999
-66.899
-66.799
-66.698
-66.598
-66.498
-66.398
-66.298
-66.198
-66.098
-65.998
-65.898
-65.798
-65.698
-65.598
-65.498
-65.398
-65.298
-65.197
-65.097
-64.997
-64.897
-64.797
-64.697
-64.597
-64.497
-64.397
-64.297
-64.197
-64.097
-63.997
-63.897
-63.797
-63.696
-63.596
-63.496
-63.396
-63.296
-63.196
-63.096
-62.996
-62.896
-62.796
-62.696
-62.596
-62.496
-62.396
-62.296
-62.195
-62.095
-61.995
-61.895
-61.795
-61.695
-61.595
-61.495
-61.395
-61.295
-61.195
-61.095
-60.995
-60.895
-60.794
-60.694
-60.594
-60.494
-60.394
-60.294
-60.194
-60.094
-59.994
-59.894
-59.794
-59.694
-59.594
-59.494
-59.394
-59.293
-59.193
-59.093
-58.993
-58.893
-58.793
-58.693
-58.593
-58.493
-58.393
-58.293
-58.193
-58.093
-57.993
-57.893
-57.792
-57.692
-57.592
-57.492
-57.392
-57.292
-57.192
-57.092
-56.992
-56.892
-56.792
-56.692
-56.592
-56.492
-56.392
-56.291
-56.191
-56.091
-55.991
-55.891
-55.791
-55.691
-55.591
-55.491
-55.391
-55.291
-55.191
-55.091
-54.991
-54.89
-54.79
-54.69
-54.59
-54.49
-54.39
-54.29
-54.19
-54.09
-53.99
-53.89
-53.79
-53.69
-53.59
-53.49
-53.389
-53.289
-53.189
-53.089
-52.989
-52.889
-52.789
-52.689
-52.589
-52.489
-52.389
-52.289
-52.189
-52.089
-51.989
-51.888
-51.788
-51.688
-51.588
-51.488
-51.388
-51.288
-51.188
-51.088
-50.988
-50.888
-50.788
-50.688
-50.588
-50.487
-50.387
-50.287
-50.187
-50.087
-49.987
-49.887
-49.787
-49.687
-49.587
-49.487
-49.387
-49.287
-49.187
-49.087
-48.986
-48.886
-48.786
-48.686
-48.586
-48.486
-48.386
-48.286
-48.186
-48.086
-47.986
-47.886
-47.786
-47.686
-47.586
-47.485
-47.385
-47.285
-47.185
-47.085
-46.985
-46.885
-46.785
-46.685
-46.585
-46.485
-46.385
-46.285
-46.185
-46.085
-45.984
-45.884
-45.784
-45.684
-45.584
-45.484
-45.384
-45.284
-45.184
-45.084
-44.984
-44.884
-44.784
-44.684
-44.583
-44.483
-44.383
-44.283
-44.183
-44.083
-43.983
-43.883
-43.783
-43.683
-43.583
-43.483
-43.383
-43.283
-43.183
-43.082
-42.982
-42.882
-42.782
-42.682
-42.582
-42.482
-42.382
-42.282
-42.182
-42.082
-41.982
-41.882
-41.782
-41.682
-41.581
-41.481
-41.381
-41.281
-41.181
-41.081
-40.981
-40.881
-40.781
-40.681
-40.581
-40.481
-40.381
-40.281
-40.181
-40.08
-39.98
-39.88
-39.78
-39.68
-39.58
-39.48
-39.38
-39.28
-39.18
-39.08
-38.98
-38.88
-38.78
-38.679
-38.579
-38.479
-38.379
-38.279
-38.179
-38.079
-37.979
-37.879
-37.779
-37.679
-37.579
-37.479
-37.379
-37.279
-37.178
-37.078
-36.978
-36.878
-36.778
-36.678
-36.578
-36.478
-36.378
-36.278
-36.178
-36.078
-35.978
-35.878
-35.778
-35.677
-35.577
-35.477
-35.377
-35.277
-35.177
-35.077
-34.977
-34.877
-34.777
-34.677
-34.577
-34.477
-34.377
-34.276
-34.176
-34.076
-33.976
-33.876
-33.776
-33.676
-33.576
-33.476
-33.376
-33.276
-33.176
-33.076
-32.976
-32.876
-32.775
-32.675
-32.575
-32.475
-32.375
-32.275
-32.175
-32.075
-31.975
-31.875
-31.775
-31.675
-31.575
-31.475
-31.375
-31.274
-31.174
-31.074
-30.974
-30.874
-30.774
-30.674
-30.574
-30.474
-30.374
-30.274
-30.174
-30.074
-29.974
-29.874
-29.773
-29.673
-29.573
-29.473
-29.373
-29.273
-29.173
-29.073
-28.973
-28.873
-28.773
-28.673
-28.573
-28.473
-28.372
-28.272
-28.172
-28.072
-27.972
-27.872
-27.772
-27.672
-27.572
-27.472
-27.372
-27.272
-27.172
-27.072
-26.972
-26.871
-26.771
-26.671
-26.571
-26.471
-26.371
-26.271
-26.171
-26.071
-25.971
-25.871
-25.771
-25.671
-25.571
-25.471
-25.37
-25.27
-25.17
-25.07
-24.97
-24.87
-24.77
-24.67
-24.57
-24.47
-24.37
-24.27
-24.17
-24.07
-23.97
-23.869
-23.769
-23.669
-23.569
-23.469
-23.369
-23.269
-23.169
-23.069
-22.969
-22.869
-22.769
-22.669
-22.569
-22.468
-22.368
-22.268
-22.168
-22.068
-21.968
-21.868
-21.768
-21.668
-21.568
-21.468
-21.368
-21.268
-21.168
-21.068
-20.967
-20.867
-20.767
-20.667
-20.567
-20.467
-20.367
-20.267
-20.167
-20.067
-19.967
-19.867
-19.767
-19.667
-19.567
-19.466
-19.366
-19.266
-19.166
-19.066
-18.966
-18.866
-18.766
-18.666
-18.566
-18.466
-18.366
-18.266
-18.166
-18.065
-17.965
-17.865
-17.765
-17.665
-17.565
-17.465
-17.365
-17.265
-17.165
-17.065
-16.965
-16.865
-16.765
-16.665
-16.564
-16.464
-16.364
-16.264
-16.164
-16.064
-15.964
-15.864
-15.764
-15.664
-15.564
-15.464
-15.364
-15.264
-15.164
-15.063
-14.963
-14.863
-14.763
-14.663
-14.563
-14.463
-14.363
-14.263
-14.163
-14.063
-13.963
-13.863
-13.763
-13.663
-13.562
-13.462
-13.362
-13.262
-13.162
-13.062
-12.962
-12.862
-12.762
-12.662
-12.562
-12.462
-12.362
-12.262
-12.161
-12.061
-11.961
-11.861
-11.761
-11.661
-11.561
-11.461
-11.361
-11.261
-11.161
-11.061
-10.961
-10.861
-10.761
-10.66
-10.56
-10.46
-10.36
-10.26
-10.16
-10.06
-9.96
-9.8599
-9.7599
-9.6598
-9.5597
-9.4597
-9.3596
-9.2595
-9.1595
-9.0594
-8.9593
-8.8592
-8.7592
-8.6591
-8.559
-8.459
-8.3589
-8.2588
-8.1588
-8.0587
-7.9586
-7.8586
-7.7585
-7.6584
-7.5584
-7.4583
-7.3582
-7.2582
-7.1581
-7.058
-6.958
-6.8579
-6.7578
-6.6578
-6.5577
-6.4576
-6.3576
-6.2575
-6.1574
-6.0573
-5.9573
-5.8572
-5.7571
-5.6571
-5.557
-5.4569
-5.3569
-5.2568
-5.1567
-5.0567
-4.9566
-4.8565
-4.7565
-4.6564
-4.5563
-4.4563
-4.3562
-4.2561
-4.1561
-4.056
-3.9559
-3.8559
-3.7558
-3.6557
-3.5557
-3.4556
-3.3555
-3.2554
-3.1554
-3.0553
-2.9552
-2.8552
-2.7551
-2.655
-2.555
-2.4549
-2.3548
-2.2548
-2.1547
-2.0546
-1.9546
-1.8545
-1.7544
-1.6544
-1.5543
-1.4542
-1.3542
-1.2541
-1.154
-1.054
-0.95388
-0.85382
-0.75375
-0.65368
-0.55361
-0.45355
-0.35348
-0.25341
-0.15334
-0.053274
0.046794
0.14686
0.24693
0.347
0.44707
0.54713
0.6472
0.74727
0.84734
0.94741
1.0475
1.1475
1.2476
1.3477
1.4477
1.5478
1.6479
1.7479
1.848
1.9481
2.0482
2.1482
2.2483
2.3484
2.4484
2.5485
2.6486
2.7486
2.8487
2.9488
3.0488
3.1489
3.249
3.349
3.4491
3.5492
3.6492
3.7493
3.8494
3.9494
4.0495
4.1496
4.2496
4.3497
4.4498
4.5498
4.6499
4.75
4.8501
4.9501
5.0502
5.1503
5.2503
5.3504
5.4505
5.5505
5.6506
5.7507
5.8507
5.9508
6.0509
6.1509
6.251
6.3511
6.4511
6.5512
6.6513
6.7513
6.8514
6.9515
7.0515
7.1516
7.2517
7.3518
7.4518
7.5519
7.652
7.752
7.8521
7.9522
8.0522
8.1523
8.2524
8.3524
8.4525
8.5526
8.6526
8.7527
8.8528
8.9528
9.0529
9.153
9.253
9.3531
9.4532
9.5532
9.6533
9.7534
9.8534
9.9535
10.054
10.154
10.254
10.354
10.454
10.554
10.654
10.754
10.854
10.954
11.054
11.154
11.254
11.354
11.455
11.555
11.655
11.755
11.855
11.955
12.055
12.155
12.255
12.355
12.455
12.555
12.655
12.755
12.855
12.956
13.056
13.156
13.256
13.356
13.456
13.556
13.656
13.756
13.856
13.956
14.056
14.156
14.256
14.357
14.457
14.557
14.657
14.757
14.857
14.957
15.057
15.157
15.257
15.357
15.457
15.557
15.657
15.757
15.858
15.958
16.058
16.158
16.258
16.358
16.458
16.558
16.658
16.758
16.858
16.958
17.058
17.158
17.258
17.359
17.459
17.559
17.659
17.759
17.859
17.959
18.059
18.159
18.259
18.359
18.459
18.559
18.659
18.759
18.86
18.96
19.06
19.16
19.26
19.36
19.46
19.56
19.66
19.76
19.86
19.96
20.06
20.16
20.261
20.361
20.461
20.561
20.661
20.761
20.861
20.961
21.061
21.161
21.261
21.361
21.461
21.561
21.661
21.762
21.862
21.962
22.062
22.162
22.262
22.362
22.462
22.562
22.662
22.762
22.862
22.962
23.062
23.162
23.263
23.363
23.463
23.563
23.663
23.763
23.863
23.963
24.063
24.163
24.263
24.363
24.463
24.563
24.663
24.764
24.864
24.964
25.064
25.164
25.264
25.364
25.464
25.564
25.664
25.764
25.864
25.964
26.064
26.165
26.265
26.365
26.465
26.565
26.665
26.765
26.865
26.965
27.065
27.165
27.265
27.365
27.465
27.565
27.666
27.766
27.866
27.966
28.066
28.166
28.266
28.366
28.466
28.566
28.666
28.766
28.866
28.966
29.066
29.167
29.267
29.367
29.467
29.567
29.667
29.767
29.867
29.967
30.067
30.167
30.267
30.367
30.467
30.568
30.668
30.768
30.868
30.968
31.068
31.168
31.268
31.368
31.468
31.568
31.668
31.768
31.868
31.968
32.069
32.169
32.269
32.369
32.469
32.569
32.669
32.769
32.869
32.969
33.069
33.169
33.269
33.369
33.469
33.57
33.67
33.77
33.87
33.97
34.07
34.17
34.27
34.37
34.47
34.57
34.67
34.77
34.87
34.97
35.071
35.171
35.271
35.371
35.471
35.571
35.671
35.771
35.871
35.971
36.071
36.171
36.271
36.371
36.472
36.572
36.672
36.772
36.872
36.972
37.072
37.172
37.272
37.372
37.472
37.572
37.672
37.772
37.872
37.973
38.073
38.173
38.273
38.373
38.473
38.573
38.673
38.773
38.873
38.973
39.073
39.173
39.273
39.373
39.474
39.574
39.674
39.774
39.874
39.974
40.074
40.174
40.274
40.374
40.474
40.574
40.674
40.774
40.874
40.975
41.075
41.175
41.275
41.375
41.475
41.575
41.675
41.775
41.875
41.975
42.075
42.175
42.275
42.376
42.476
42.576
42.676
42.776
42.876
42.976
43.076
43.176
43.276
43.376
43.476
43.576
43.676
43.776
43.877
43.977
44.077
44.177
44.277
44.377
44.477
44.577
44.677
44.777
44.877
44.977
45.077
45.177
45.277
45.378
45.478
45.578
45.678
45.778
45.878
45.978
46.078
46.178
46.278
46.378
46.478
46.578
46.678
46.779
46.879
46.979
47.079
47.179
47.279
47.379
47.479
47.579
47.679
47.779
47.879
47.979
48.079
48.179
48.28
48.38
48.48
48.58
48.68
48.78
48.88
48.98
49.08
49.18
49.28
49.38
49.48
49.58
49.68
49.781
49.881
49.981
50.081
50.181
50.281
50.381
50.481
50.581
50.681
50.781
50.881
50.981
51.081
51.181
51.282
51.382
51.482
51.582
51.682
51.782
51.882
51.982
52.082
52.182
52.282
52.382
52.482
52.582
52.683
52.783
52.883
52.983
53.083
53.183
53.283
53.383
53.483
53.583
53.683
53.783
53.883
53.983
54.083
54.184
54.284
54.384
54.484
54.584
54.684
54.784
54.884
54.984
55.084
55.184
55.284
55.384
55.484
55.584
55.685
55.785
55.885
55.985
56.085
56.185
56.285
56.385
56.485
56.585
56.685
56.785
56.885
56.985
57.085
57.186
57.286
57.386
57.486
57.586
57.686
57.786
57.886
57.986
58.086
58.186
58.286
58.386
58.486
58.587
58.687
58.787
58.887
58.987
59.087
59.187
59.287
59.387
59.487
59.587
59.687
59.787
59.887
59.987
60.088
60.188
60.288
60.388
60.488
60.588
60.688
60.788
60.888
60.988
61.088
61.188
61.288
61.388
61.488
61.589
61.689
61.789
61.889
61.989
62.089
62.189
62.289
62.389
62.489
62.589
62.689
62.789
62.889
62.99
63.09
63.19
63.29
63.39
63.49
63.59
63.69
63.79
63.89
63.99
64.09
64.19
64.29
64.39
64.491
64.591
64.691
64.791
64.891
64.991
65.091
65.191
65.291
65.391
65.491
65.591
65.691
65.791
65.891
65.992
66.092
66.192
66.292
66.392
66.492
66.592
66.692
66.792
66.892
66.992
67.092
67.192
67.292
67.392
67.493
67.593
67.693
67.793
67.893
67.993
68.093
68.193
68.293
68.393
68.493
68.593
68.693
68.793
68.894
68.994
69.094
69.194
69.294
69.394
69.494
69.594
69.694
69.794
69.894
69.994
70.094
70.194
70.294
70.395
70.495
70.595
70.695
70.795
70.895
70.995
71.095
71.195
71.295
71.395
71.495
71.595
71.695
71.795
71.896
71.996
72.096
72.196
72.296
72.396
72.496
72.596
72.696
72.796
72.896
72.996
73.096
73.196
73.296
73.397
73.497
73.597
73.697
73.797
73.897
73.997
74.097
74.197
74.297
74.397
74.497
74.597
74.697
74.798
74.898
74.998
75.098
75.198
75.298
75.398
75.498
75.598
75.698
75.798
75.898
75.998
76.098
76.198
76.299
76.399
76.499
76.599
76.699
76.799
76.899
76.999
77.099
77.199
77.299
77.399
77.499
77.599
77.699
77.8
77.9
78
78.1
78.2
78.3
78.4
78.5
78.6
78.7
78.8
78.9
79
79.1
79.201
79.301
79.401
79.501
79.601
79.701
79.801
79.901
80.001
80.101
80.201
80.301
80.401
80.501
80.601
80.702
80.802
80.902
81.002
81.102
81.202
81.302
81.402
81.502
81.602
81.702
81.802
81.902
82.002
82.102
82.203
82.303
82.403
82.503
82.603
82.703
82.803
82.903
83.003
83.103
83.203
83.303
83.403
83.503
83.603
83.704
83.804
83.904
84.004
84.104
84.204
84.304
84.404
84.504
84.604
84.704
84.804
84.904
85.004
85.105
85.205
85.305
85.405
85.505
85.605
85.705
85.805
85.905
86.005
86.105
86.205
86.305
86.405
86.505
86.606
86.706
86.806
86.906
87.006
87.106
87.206
87.306
87.406
87.506
87.606
87.706
87.806
87.906
88.006
88.107
88.207
88.307
88.407
88.507
88.607
88.707
88.807
88.907
89.007
89.107
89.207
89.307
89.407
89.507
89.608
89.708
89.808
89.908
90.008
90.108
90.208
90.308
90.408
90.508
90.608
90.708
90.808
90.908
91.009
91.109
91.209
91.309
91.409
91.509
91.609
91.709
91.809
91.909
92.009
92.109
92.209
92.309
92.409
92.51
92.61
92.71
92.81
92.91
93.01
93.11
93.21
93.31
93.41
93.51
93.61
93.71
93.81
93.91
94.011
94.111
94.211
94.311
94.411
94.511
94.611
94.711
94.811
94.911
95.011
95.111
95.211
95.311
95.412
95.512
95.612
95.712
95.812
95.912
96.012
96.112
96.212
96.312
96.412
96.512
96.612
96.712
96.812
96.913
97.013
97.113
97.213
97.313
97.413
97.513
97.613
97.713
97.813
97.913
98.013
98.113
98.213
98.313
98.414
98.514
98.614
98.714
98.814
98.914
99.014
99.114
99.214
99.314
99.414
99.514
99.614
99.714
99.814
99.915
100.01
100.11
100.21
100.31
100.41
100.51
100.62
100.72
100.82
100.92
101.02
101.12
101.22
101.32
101.42
101.52
101.62
101.72
101.82
101.92
102.02
102.12
102.22
102.32
102.42
102.52
102.62
102.72
102.82
102.92
103.02
103.12
103.22
103.32
103.42
103.52
103.62
103.72
103.82
103.92
104.02
104.12
104.22
104.32
104.42
104.52
104.62
104.72
104.82
104.92
105.02
105.12
105.22
105.32
105.42
105.52
105.62
105.72
105.82
105.92
106.02
106.12
106.22
106.32
106.42
106.52
106.62
106.72
106.82
106.92
107.02
107.12
107.22
107.32
107.42
107.52
107.62
107.72
107.82
107.92
108.02
108.12
108.22
108.32
108.42
108.52
108.62
108.72
108.82
108.92
109.02
109.12
109.22
109.32
109.42
109.52
109.62
109.72
109.82
109.92
110.02
110.12
110.22
110.32
110.42
110.52
110.62
110.72
110.82
110.92
111.02
111.12
111.22
111.32
111.42
111.52
111.62
111.72
111.82
111.92
112.02
112.12
112.22
112.32
112.42
112.52
112.62
112.72
112.82
112.92
113.02
113.12
113.22
113.32
113.42
113.52
113.62
113.72
113.82
113.92
114.02
114.12
114.22
114.32
114.42
114.52
114.62
114.72
114.82
114.92
115.02
115.12
115.22
115.33
115.43
115.53
115.63
115.73
115.83
115.93
116.03
116.13
116.23
116.33
116.43
116.53
116.63
116.73
116.83
116.93
117.03
117.13
117.23
117.33
117.43
117.53
117.63
117.73
117.83
117.93
118.03
118.13
118.23
118.33
118.43
118.53
118.63
118.73
118.83
118.93
119.03
119.13
119.23
119.33
119.43
119.53
119.63
119.73
119.83
119.93
120.03
120.13
120.23
120.33
120.43
120.53
120.63
120.73
120.83
120.93
121.03
121.13
121.23
121.33
121.43
121.53
121.63
121.73
121.83
121.93
122.03
122.13
122.23
122.33
122.43
122.53
122.63
122.73
122.83
122.93
123.03
123.13
123.23
123.33
123.43
123.53
123.63
123.73
123.83
123.93
124.03
124.13
124.23
124.33
124.43
124.53
124.63
124.73
124.83
124.93
125.03
125.13
125.23
125.33
125.43
125.53
125.63
125.73
125.83
125.93
126.03
126.13
126.23
126.33
126.43
126.53
126.63
126.73
126.83
126.93
127.03
127.13
127.23
127.33
127.43
127.53
127.63
127.73
127.83
127.93
128.03
128.13
128.23
128.33
128.43
128.53
128.63
128.73
128.83
128.93
129.03
129.13
129.23
129.33
129.43
129.53
129.63
129.73
129.83
129.93
130.03
130.14
130.24
130.34
130.44
130.54
130.64
130.74
130.84
130.94
131.04
131.14
131.24
131.34
131.44
131.54
131.64
131.74
131.84
131.94
132.04
132.14
132.24
132.34
132.44
132.54
132.64
132.74
132.84
132.94
133.04
133.14
133.24
133.34
133.44
133.54
133.64
133.74
133.84
133.94
134.04
134.14
134.24
134.34
134.44
134.54
134.64
134.74
134.84
134.94
135.04
135.14
135.24
135.34
135.44
135.54
135.64
135.74
135.84
135.94
136.04
136.14
136.24
136.34
136.44
136.54
136.64
136.74
136.84
136.94
137.04
137.14
137.24
137.34
137.44
137.54
137.64
137.74
137.84
137.94
138.04
138.14
138.24
138.34
138.44
138.54
138.64
138.74
138.84
138.94
139.04
139.14
139.24
139.34
139.44
139.54
139.64
139.74
139.84
139.94
140.04
140.14
140.24
140.34
140.44
140.54
140.64
140.74
140.84
140.94
141.04
141.14
141.24
141.34
141.44
141.54
141.64
141.74
141.84
141.94
142.04
142.14
142.24
142.34
142.44
142.54
142.64
142.74
142.84
142.94
143.04
143.14
143.24
143.34
143.44
143.54
143.64
143.74
143.84
143.94
144.04
144.14
144.24
144.34
144.44
144.54
144.64
144.74
144.85
144.95
145.05
145.15
145.25
145.35
145.45
145.55
145.65
145.75
145.85
145.95
146.05
146.15
146.25
146.35
146.45
146.55
146.65
146.75
146.85
146.95
147.05
147.15
147.25
147.35
147.45
147.55
147.65
147.75
147.85
147.95
148.05
148.15
148.25
148.35
148.45
148.55
148.65
148.75
148.85
148.95
149.05
149.15
149.25
149.35
149.45
149.55
149.65
149.75
149.85
149.95
150.05
150.15
150.25
150.35
150.45
150.55
150.65
150.75
150.85
150.95
151.05
151.15
151.25
151.35
151.45
151.55
151.65
151.75
151.85
151.95
152.05
152.15
