0.000000 6.705000 0.000000 -0.082573 0.000000 -0.143005 0.000000 2.306667 0.000000 -0.760129 0.000000 -0.143005 0.000000
0.100000 7.172634 0.000804 -0.029548 0.078308 -0.131116 0.000363 2.754431 0.000038 -0.561823 0.001066 -0.088708 0.000003
0.200000 7.668667 0.008712 0.028749 0.174042 -0.099573 0.003618 3.230627 0.003230 -0.269199 0.057121 -0.014276 -0.000037
0.300000 8.190364 0.033590 0.079099 0.186829 -0.072541 0.007242 3.750451 0.035784 -0.224149 0.110540 -0.044091 -0.006138
0.400000 8.733593 0.073981 0.129482 0.154298 -0.063227 0.007202 4.296305 0.090547 -0.204237 0.112875 -0.067364 -0.012595
0.500000 9.294940 0.124282 0.186599 0.120731 -0.064981 0.005241 4.855681 0.149116 -0.123142 0.118518 -0.054714 -0.014232
0.600000 9.873191 0.183131 0.230283 0.107574 -0.054703 0.005030 5.430670 0.212785 -0.027646 0.143068 -0.041704 -0.015710
0.700000 10.466317 0.248932 0.254692 0.104739 -0.039338 0.005388 6.021468 0.285309 0.046076 0.172578 -0.035030 -0.018539
0.800000 11.071775 0.319521 0.271394 0.103170 -0.034790 0.004557 6.624713 0.361570 0.115526 0.196026 -0.015836 -0.019793
0.900000 11.687115 0.392050 0.301342 0.099577 -0.032079 0.003701 7.238627 0.437694 0.206483 0.199339 0.009013 -0.020477
1.000000 12.311269 0.466734 0.334830 0.088147 -0.023963 0.003529 7.862335 0.519857 0.280447 0.186558 0.019151 -0.023936
1.100000 12.943497 0.543972 0.353631 0.081508 -0.017207 0.003238 8.494457 0.601578 0.335986 0.160592 0.029015 -0.026179
1.200000 13.582694 0.623029 0.356872 0.086182 -0.011340 0.002924 9.133838 0.680539 0.378271 0.126444 0.040832 -0.026491
1.300000 14.227693 0.702864 0.360152 0.092747 0.001662 0.003318 9.778565 0.758422 0.405511 0.087798 0.038578 -0.026768
1.400000 14.877662 0.783667 0.365713 0.088990 0.015428 0.003743 10.428518 0.834784 0.430510 0.072055 0.033445 -0.025496
1.500000 15.531681 0.866450 0.356690 0.080954 0.029859 0.004059 11.083274 0.911233 0.463085 0.072107 0.037646 -0.022950
1.600000 16.188965 0.950558 0.330784 0.081405 0.047302 0.004458 11.742254 0.989119 0.490815 0.067728 0.044255 -0.020624
1.700000 16.849256 1.035001 0.299622 0.088877 0.058855 0.004318 12.404475 1.069446 0.507572 0.072877 0.054240 -0.018521
1.800000 17.512800 1.119147 0.275956 0.087039 0.062794 0.003600 13.069855 1.151490 0.525548 0.079303 0.069097 -0.016725
1.900000 18.179193 1.202911 0.258985 0.086403 0.064654 0.002859 13.738534 1.234276 0.548733 0.082093 0.085406 -0.015490
2.000000 18.847085 1.287652 0.232528 0.095632 0.058404 0.001588 14.408121 1.319666 0.543521 0.074889 0.101393 -0.014657
2.100000 19.517215 1.372460 0.213861 0.102898 0.040506 -0.000540 15.081845 1.405533 0.543907 0.071599 0.128254 -0.013075
2.200000 20.189480 1.457265 0.208755 0.103804 0.022937 -0.002218 15.758451 1.491894 0.546357 0.070914 0.149621 -0.012118
2.300000 20.863341 1.542216 0.215949 0.108435 0.007294 -0.003338 16.433412 1.579964 0.530611 0.068924 0.155144 -0.012444
2.400000 21.538461 1.626688 0.243798 0.117093 -0.021154 -0.005629 17.112352 1.669149 0.518453 0.068036 0.165981 -0.012290
2.500000 22.214184 1.711657 0.287702 0.118559 -0.049057 -0.007493 17.792506 1.758674 0.514524 0.070916 0.172669 -0.012427
2.600000 22.891174 1.799894 0.323614 0.112367 -0.058207 -0.006785 18.465237 1.850064 0.492718 0.079942 0.155626 -0.014384
2.700000 23.570281 1.892755 0.333878 0.106682 -0.051219 -0.004387 19.137943 1.943731 0.474140 0.096103 0.135318 -0.016834
2.800000 24.249594 1.986045 0.350421 0.096636 -0.030239 -0.001138 19.809287 2.038669 0.476726 0.110180 0.107588 -0.020558
2.900000 24.929165 2.079396 0.365846 0.074122 0.008541 0.002640 20.481428 2.137769 0.470933 0.118880 0.058572 -0.026757
3.000000 25.608581 2.172626 0.353642 0.047508 0.046067 0.004654 21.161855 2.237451 0.445957 0.121035 0.014768 -0.031653
3.100000 26.286770 2.263606 0.305883 0.042797 0.071404 0.004839 21.843366 2.326052 0.446758 0.115517 0.011119 -0.030865
3.200000 26.965273 2.350351 0.257696 0.052403 0.092138 0.004622 22.525417 2.408182 0.460878 0.110936 0.018375 -0.028638
3.300000 27.643748 2.433877 0.207805 0.043759 0.106889 0.004214 23.207169 2.486628 0.474814 0.109112 0.032381 -0.025959
3.400000 28.320674 2.514272 0.141415 0.024890 0.112252 0.003410 23.887600 2.558466 0.500368 0.098719 0.068616 -0.021502
3.500000 28.996517 2.590024 0.063447 0.026253 0.110534 0.002528 24.569930 2.625418 0.518316 0.078346 0.113893 -0.017085
3.600000 29.672892 2.661137 -0.011447 0.034312 0.111339 0.001916 25.254621 2.691294 0.519103 0.067475 0.147544 -0.014355
3.700000 30.349414 2.728731 -0.086475 0.033951 0.116394 0.001598 25.939572 2.756252 0.506559 0.071389 0.170946 -0.012791
3.800000 31.025490 2.793260 -0.166604 0.028766 0.120952 0.001341 26.623556 2.819686 0.478046 0.073349 0.189952 -0.012026
3.900000 31.702553 2.854200 -0.239708 0.022475 0.117891 0.000933 27.303503 2.880532 0.419143 0.051718 0.199630 -0.012022
4.000000 32.380683 2.911220 -0.304908 0.011200 0.112117 0.000575 27.982064 2.936944 0.351586 0.042886 0.204465 -0.011564
4.100000 33.057637 2.963990 -0.381321 0.001487 0.112405 0.000417 28.658769 2.989219 0.274144 0.046891 0.203694 -0.011092
4.200000 33.734933 3.011959 -0.455319 -0.003106 0.103477 0.000315 29.336090 3.036080 0.191894 0.045137 0.209050 -0.010524
4.300000 34.413133 3.055091 -0.521196 -0.012416 0.093680 0.000268 30.015969 3.077326 0.123851 0.035842 0.218126 -0.009812
4.400000 35.092341 3.093003 -0.577066 -0.032792 0.091799 0.000243 30.692637 3.114286 0.053000 0.032046 0.213155 -0.009415
4.500000 35.771981 3.124403 -0.628861 -0.050190 0.076108 0.000789 31.369134 3.143237 -0.034762 0.033697 0.212719 -0.008814
4.600000 36.451972 3.148554 -0.675721 -0.055924 0.060300 0.001369 32.050478 3.164440 -0.098039 0.033006 0.221443 -0.008082
4.700000 37.133095 3.166282 -0.704248 -0.060333 0.047086 0.001785 32.726268 3.181138 -0.174851 0.031579 0.212803 -0.008051
4.800000 37.815056 3.177793 -0.715915 -0.069546 0.019914 0.003019 33.403497 3.189508 -0.261392 0.029448 0.206334 -0.007913
4.900000 38.497308 3.182920 -0.713468 -0.075303 -0.002592 0.003844 34.085998 3.190589 -0.305676 0.009484 0.208037 -0.007306
5.000000 39.179650 3.180831 -0.711583 -0.070787 -0.012021 0.003611 34.761258 3.184758 -0.364726 -0.016736 0.189730 -0.005851
5.100000 39.862116 3.171811 -0.718936 -0.070869 -0.019092 0.003216 35.435838 3.169982 -0.438676 -0.034436 0.166466 -0.003148
5.200000 40.544252 3.158309 -0.708747 -0.075200 -0.019457 0.002453 36.113118 3.150483 -0.464132 -0.049765 0.150544 0.000070
5.300000 41.225802 3.141510 -0.668678 -0.071409 -0.025347 0.002254 36.787393 3.124475 -0.502557 -0.060833 0.120788 0.004240
5.400000 41.907201 3.120541 -0.620271 -0.067970 -0.040189 0.002710 37.465048 3.093203 -0.542698 -0.078943 0.095637 0.008085
5.500000 42.588877 3.094987 -0.579063 -0.070212 -0.060941 0.003442 38.149412 3.061053 -0.544268 -0.088738 0.097276 0.010145
5.600000 43.270325 3.065742 -0.534221 -0.078023 -0.083580 0.004211 38.834625 3.025467 -0.549521 -0.087223 0.097497 0.012279
5.700000 43.950716 3.033249 -0.476953 -0.076351 -0.096551 0.004176 39.517582 2.989220 -0.522543 -0.087993 0.096881 0.014007
5.800000 44.630560 2.997439 -0.413613 -0.072773 -0.093562 0.002956 40.194824 2.950757 -0.481495 -0.088764 0.083747 0.016415
5.900000 45.311590 2.957456 -0.362895 -0.076715 -0.082638 0.001422 40.870979 2.907985 -0.461337 -0.085563 0.058867 0.019268
6.000000 45.992902 2.913914 -0.315282 -0.083231 -0.068661 -0.000041 41.548447 2.863472 -0.445583 -0.074418 0.030339 0.021391
6.100000 46.674634 2.866301 -0.274041 -0.081021 -0.049349 -0.001622 42.227955 2.817600 -0.426866 -0.068700 0.000620 0.022320
6.200000 47.356662 2.815136 -0.238915 -0.075434 -0.033280 -0.002525 42.909833 2.768909 -0.401353 -0.071960 -0.020013 0.022065
6.300000 48.039250 2.760247 -0.222446 -0.075574 -0.017550 -0.003109 43.591679 2.719064 -0.355348 -0.061662 -0.022575 0.020581
6.400000 48.722346 2.701215 -0.233991 -0.075140 0.011283 -0.004496 44.274707 2.667327 -0.307148 -0.051738 -0.024755 0.018882
6.500000 49.405402 2.639908 -0.254984 -0.056744 0.033827 -0.005020 44.958065 2.611813 -0.258916 -0.057967 -0.016277 0.016658
6.600000 50.088704 2.579168 -0.269862 -0.031622 0.045733 -0.004454 45.641049 2.554698 -0.192866 -0.069200 0.008273 0.014210
6.700000 50.772620 2.521404 -0.271335 -0.015289 0.049932 -0.003544 46.325304 2.497494 -0.140394 -0.074127 0.028421 0.012938
6.800000 51.456320 2.467431 -0.277904 -0.006969 0.030534 -0.002455 47.008651 2.444232 -0.127350 -0.072475 0.056946 0.011556
6.900000 52.139813 2.417788 -0.289414 0.006745 0.004154 -0.001707 47.697763 2.398392 -0.089444 -0.074859 0.106125 0.009056
7.000000 52.823324 2.373355 -0.289235 0.030174 -0.013277 -0.001438 48.388434 2.354739 -0.059894 -0.075618 0.137238 0.008440
7.100000 53.506833 2.335770 -0.283360 0.046322 -0.023844 -0.001376 49.074657 2.314829 -0.059266 -0.066848 0.145644 0.009621
7.200000 54.190450 2.306170 -0.282130 0.052692 -0.023353 -0.000980 49.759798 2.282957 -0.045062 -0.057553 0.151074 0.010445
7.300000 54.874023 2.284154 -0.278083 0.058527 -0.013460 -0.000222 50.436729 2.255510 -0.071218 -0.052390 0.127221 0.012216
7.400000 55.557307 2.268583 -0.253943 0.074419 -0.020208 -0.000589 51.115180 2.238124 -0.115827 -0.053351 0.102844 0.013366
7.500000 56.240112 2.259557 -0.205130 0.090442 -0.037737 -0.001809 51.797785 2.232840 -0.122958 -0.037694 0.095282 0.013210
7.600000 56.923184 2.259698 -0.159818 0.085976 -0.055707 -0.002939 52.481512 2.238996 -0.134348 -0.012962 0.087813 0.012111
7.700000 57.607758 2.269838 -0.141060 0.077174 -0.064978 -0.003027 53.167115 2.255460 -0.138629 0.014739 0.086765 0.009880
7.800000 58.292443 2.286523 -0.124401 0.082052 -0.064237 -0.002250 53.852232 2.279222 -0.111473 0.050753 0.090750 0.006600
7.900000 58.975657 2.307496 -0.084523 0.094344 -0.050760 -0.000555 54.531258 2.308956 -0.080211 0.070472 0.073161 0.001299
8.000000 59.658447 2.334489 -0.037633 0.095786 -0.031956 0.001349 55.209831 2.346098 -0.056690 0.085225 0.043503 -0.004933
8.100000 60.341764 2.369371 -0.008181 0.092981 -0.024174 0.001803 55.892168 2.390834 -0.050253 0.088114 0.025201 -0.009793
8.200000 61.025462 2.411166 0.005614 0.096940 -0.023805 0.001430 56.575895 2.438684 -0.039099 0.083132 0.023641 -0.012253
8.300000 61.709115 2.457998 0.021091 0.099821 -0.020053 0.001433 57.259437 2.488269 -0.008898 0.081824 0.026503 -0.013527
8.400000 62.392697 2.509429 0.039660 0.096406 -0.015473 0.001521 57.943095 2.540745 0.040724 0.090586 0.035896 -0.013918
8.500000 63.076255 2.564940 0.059370 0.097312 -0.012996 0.001388 58.627055 2.598073 0.087681 0.098184 0.045701 -0.014459
8.600000 63.759799 2.624269 0.079622 0.103293 -0.012421 0.001100 59.311148 2.659650 0.127154 0.094224 0.053825 -0.015267
8.700000 64.443424 2.688270 0.092988 0.105659 -0.011208 0.000951 59.995137 2.725859 0.153237 0.093575 0.058354 -0.016130
8.800000 65.127155 2.757124 0.096460 0.106345 -0.004932 0.001357 60.679266 2.795126 0.182532 0.095368 0.063677 -0.016697
8.900000 65.810893 2.829615 0.098653 0.106907 0.002824 0.001840 61.363312 2.867951 0.208634 0.093681 0.066641 -0.017374
9.000000 66.494555 2.906399 0.090617 0.106932 0.021020 0.003296 62.047403 2.943343 0.239177 0.094702 0.065653 -0.018199
9.100000 67.178008 2.987255 0.071637 0.111612 0.043769 0.004907 62.732038 3.023612 0.258454 0.103759 0.059897 -0.019380
9.200000 67.861351 3.071466 0.049811 0.122305 0.054296 0.004916 63.416638 3.109686 0.261655 0.110783 0.060549 -0.020093
9.300000 68.544714 3.158984 0.028867 0.113894 0.063265 0.004770 64.101941 3.197429 0.277829 0.106226 0.068286 -0.020141
9.400000 69.226723 3.250954 -0.011715 0.095578 0.080752 0.005451 64.787140 3.288482 0.283307 0.102609 0.071460 -0.020483
9.500000 69.906413 3.346259 -0.081191 0.093116 0.098682 0.005810 65.472023 3.381159 0.281872 0.102333 0.084167 -0.019666
9.600000 70.585081 3.442752 -0.161640 0.111305 0.124368 0.006872 66.159733 3.472686 0.295339 0.098287 0.100839 -0.018570
9.700000 71.263758 3.540734 -0.241973 0.119513 0.145267 0.007479 66.845926 3.568939 0.275846 0.092300 0.107412 -0.018506
9.800000 71.944822 3.638648 -0.305944 0.102268 0.136682 0.004721 67.529479 3.668852 0.245869 0.091010 0.131528 -0.016708
9.900000 72.629209 3.734116 -0.345813 0.066446 0.107710 0.000918 68.217658 3.766048 0.230673 0.090229 0.172189 -0.013746
10.000000 73.314257 3.826056 -0.380726 0.035486 0.069041 -0.001636 68.908509 3.859753 0.187923 0.100903 0.208178 -0.011804
10.100000 73.998773 3.912906 -0.423248 0.029819 0.031314 -0.002692 69.604055 3.947063 0.134377 0.116735 0.242052 -0.010682
10.200000 74.683535 3.993715 -0.453230 0.014161 0.013051 -0.002627 70.294161 4.031005 0.090173 0.103313 0.254472 -0.012508
10.300000 75.368627 4.067584 -0.459452 -0.011602 0.014621 -0.002037 70.966541 4.112137 0.030190 0.073034 0.227962 -0.017015
10.400000 76.053725 4.133272 -0.463505 -0.023835 0.009091 -0.001420 71.638807 4.179797 -0.051408 0.051365 0.197952 -0.018892
10.500000 76.738832 4.190525 -0.465000 -0.026289 0.002407 -0.000907 72.314928 4.234666 -0.120822 0.045005 0.173670 -0.018377
10.600000 77.423902 4.239590 -0.474058 -0.031540 0.006089 -0.000767 72.988745 4.283082 -0.204730 0.048783 0.135726 -0.018054
10.700000 78.108877 4.280394 -0.499717 -0.043880 0.007597 -0.000624 73.668422 4.321831 -0.277448 0.046610 0.112784 -0.017266
10.800000 78.793937 4.313642 -0.514636 -0.048537 0.013409 -0.000729 74.353506 4.349955 -0.279596 0.022706 0.112690 -0.015306
10.900000 79.479085 4.339542 -0.521194 -0.050195 0.026312 -0.001161 75.036188 4.370675 -0.291899 0.003537 0.096965 -0.012877
11.000000 80.164043 4.357990 -0.534082 -0.046783 0.032414 -0.001185 75.719385 4.382982 -0.320749 0.002078 0.083530 -0.010086
11.100000 80.849164 4.370559 -0.540808 -0.040988 0.018529 -0.000321 76.404902 4.387589 -0.340294 -0.011609 0.091814 -0.007628
11.200000 81.534722 4.378993 -0.524392 -0.044524 -0.004479 0.000710 77.091131 4.386244 -0.361147 -0.048276 0.098265 -0.004971
11.300000 82.220359 4.382577 -0.506372 -0.051849 -0.022526 0.001377 77.779261 4.380640 -0.360168 -0.064901 0.108861 -0.001811
11.400000 82.906015 4.381046 -0.490526 -0.049513 -0.042023 0.002034 78.469494 4.371581 -0.355331 -0.060193 0.123702 0.001036
11.500000 83.591165 4.375714 -0.463534 -0.040877 -0.059653 0.002372 79.158981 4.360341 -0.346611 -0.056366 0.133340 0.003461
11.600000 84.275212 4.367801 -0.417540 -0.050729 -0.062383 0.001934 79.839617 4.346786 -0.342876 -0.052904 0.116896 0.006534
11.700000 84.959015 4.356225 -0.367506 -0.059872 -0.064111 0.001560 80.518685 4.330480 -0.356795 -0.047151 0.089621 0.009158
11.800000 85.642871 4.340363 -0.318409 -0.055503 -0.072875 0.001668 81.201716 4.312020 -0.362719 -0.044982 0.073560 0.010261
11.900000 86.326335 4.321316 -0.263720 -0.045458 -0.076569 0.001470 81.884125 4.291851 -0.353559 -0.044952 0.056679 0.010962
12.000000 87.010489 4.299463 -0.218057 -0.045401 -0.071945 0.000914 82.566202 4.270642 -0.350169 -0.030484 0.032884 0.011512
12.100000 87.694984 4.275284 -0.176937 -0.047672 -0.067178 0.000463 83.249777 4.249383 -0.314894 -0.028826 0.025421 0.010679
12.200000 88.379667 4.248957 -0.138700 -0.036634 -0.056696 -0.000112 83.932964 4.225223 -0.262749 -0.046390 0.021099 0.009932
12.300000 89.064520 4.221666 -0.103375 -0.019096 -0.039976 -0.000631 84.616305 4.196753 -0.227600 -0.058330 0.004082 0.010756
12.400000 89.749597 4.195031 -0.073889 -0.007944 -0.033034 -0.000646 85.300986 4.169134 -0.191559 -0.053964 0.000022 0.011304
12.500000 90.434926 4.170022 -0.051816 -0.004690 -0.027142 -0.000541 85.985690 4.144338 -0.142940 -0.053600 0.006065 0.011107
12.600000 91.120324 4.146931 -0.032433 0.001399 -0.020419 -0.000437 86.670673 4.120401 -0.103486 -0.062987 0.008323 0.011199
12.700000 91.805971 4.126239 -0.025337 0.013444 -0.017051 -0.000314 87.356027 4.099950 -0.062964 -0.060739 0.020036 0.011009
12.800000 92.491724 4.108738 -0.023987 0.016747 -0.006652 -0.000082 88.041778 4.083477 -0.003013 -0.049438 0.036023 0.010534
12.900000 93.177514 4.094498 -0.028354 0.012949 0.007211 0.000153 88.727652 4.069415 0.028532 -0.039091 0.038230 0.010420
13.000000 93.863393 4.082733 -0.022113 0.013655 0.006370 0.000121 89.413792 4.059568 0.046532 -0.030783 0.044409 0.009750
13.100000 94.549387 4.073181 0.001090 0.019334 -0.004494 -0.000074 90.100837 4.053372 0.079488 -0.023765 0.059843 0.008573
13.200000 95.235442 4.066292 0.020535 0.014713 -0.017748 -0.000295 90.788128 4.050112 0.090049 -0.008970 0.069269 0.007450
13.300000 95.921793 4.061547 0.023653 0.002277 -0.028750 -0.000355 91.476753 4.049440 0.099136 0.007701 0.083138 0.006001
13.400000 96.608154 4.057546 0.024886 -0.004616 -0.031470 -0.000303 92.165186 4.049853 0.121712 0.020339 0.095574 0.004202
13.500000 97.294255 4.053527 0.034423 -0.007466 -0.017718 -0.000309 92.849004 4.050855 0.140768 0.021097 0.085925 0.001945
13.600000 97.980362 4.049119 0.041328 -0.013154 0.001796 -0.000396 93.532305 4.051190 0.147740 0.021963 0.066149 -0.000100
13.700000 98.666431 4.043641 0.033271 -0.023000 0.018085 -0.000534 94.217415 4.049198 0.141806 0.019101 0.050592 -0.001595
13.800000 99.352441 4.036392 0.019929 -0.034812 0.027793 -0.000629 94.903451 4.043431 0.132408 0.010171 0.042542 -0.002346
13.900000 100.038433 4.026518 0.006174 -0.046881 0.031451 -0.000599 95.589701 4.033180 0.127584 0.002515 0.042878 -0.002358
14.000000 100.724257 4.012966 -0.012896 -0.057163 0.033862 -0.000562 96.276663 4.018701 0.145735 0.003311 0.057281 -0.001961
14.100000 101.410024 3.995265 -0.033567 -0.065585 0.032824 -0.000355 96.964133 3.999951 0.161273 0.007513 0.074732 -0.001614
14.200000 102.095797 3.973140 -0.053968 -0.072288 0.030540 -0.000119 97.652134 3.976931 0.173405 0.007017 0.091798 -0.001459
14.300000 102.781523 3.946260 -0.075801 -0.076854 0.035708 -0.000458 98.339847 3.950198 0.184012 -0.001237 0.101268 -0.001347
14.400000 103.466913 3.914084 -0.106809 -0.076263 0.043526 -0.000934 99.026419 3.917462 0.176391 -0.015555 0.103939 -0.000894
14.500000 104.152379 3.877895 -0.136454 -0.073248 0.047794 -0.001037 99.712799 3.878748 0.161872 -0.028150 0.106465 0.000106
14.600000 104.838334 3.839011 -0.155768 -0.071371 0.049032 -0.000881 100.399191 3.836015 0.148731 -0.037255 0.108004 0.001515
14.700000 105.524346 3.797308 -0.173830 -0.067431 0.047748 -0.000577 101.085036 3.789549 0.127338 -0.047770 0.107787 0.003159
14.800000 106.210223 3.753178 -0.194598 -0.060262 0.038111 0.000173 101.771889 3.740456 0.105322 -0.056846 0.117009 0.004475
14.900000 106.896286 3.707948 -0.210238 -0.057085 0.025097 0.000903 102.460446 3.690822 0.092902 -0.065487 0.131718 0.005572
15.000000 107.582498 3.662050 -0.220041 -0.058255 0.015990 0.001220 103.148539 3.640434 0.082127 -0.074081 0.140554 0.007128
15.100000 108.268762 3.615338 -0.227170 -0.056582 0.010811 0.001229 103.835040 3.588949 0.066233 -0.078505 0.141838 0.009207
15.200000 108.954999 3.567706 -0.236961 -0.056530 0.007799 0.001098 104.521317 3.537294 0.050126 -0.081596 0.142030 0.011114
15.300000 109.641265 3.519525 -0.242894 -0.063260 0.009057 0.000754 105.205616 3.484915 0.029687 -0.081798 0.134138 0.013362
15.400000 110.327529 3.470115 -0.248813 -0.064015 0.014357 0.000234 105.888296 3.431824 0.000028 -0.075383 0.117946 0.015669
15.500000 111.013733 3.419251 -0.258734 -0.059836 0.020720 -0.000225 106.572212 3.379968 -0.023584 -0.065890 0.105264 0.016757
15.600000 111.699935 3.367595 -0.269179 -0.057486 0.024211 -0.000390 107.257610 3.329303 -0.037874 -0.060993 0.099975 0.016565
15.700000 112.386243 3.315711 -0.275161 -0.059418 0.025393 -0.000370 107.943194 3.278845 -0.050985 -0.055590 0.095546 0.015999
15.800000 113.072539 3.263247 -0.281624 -0.058653 0.023910 -0.000195 108.628947 3.228084 -0.066480 -0.050520 0.092960 0.015146
15.900000 113.758926 3.210676 -0.283487 -0.049088 0.012275 0.000476 109.316418 3.177090 -0.073853 -0.053839 0.102281 0.013692
16.000000 114.445454 3.159162 -0.273626 -0.039410 -0.005968 0.001204 110.005787 3.126559 -0.071576 -0.061477 0.117389 0.012371
16.100000 115.131978 3.109194 -0.257483 -0.033931 -0.020239 0.001484 110.694921 3.076495 -0.066024 -0.070090 0.127098 0.011971
16.200000 115.818802 3.060483 -0.256152 -0.025331 -0.017597 0.001080 111.381061 3.026350 -0.064447 -0.076868 0.124508 0.012897
16.300000 116.505808 3.013837 -0.264463 -0.014781 -0.012653 0.000699 112.066419 2.977349 -0.076709 -0.079230 0.117672 0.014299
16.400000 117.192662 2.970441 -0.259456 -0.004325 -0.006042 0.000443 112.750974 2.931582 -0.080705 -0.072764 0.106864 0.015751
16.500000 117.879402 2.930843 -0.237691 -0.000047 0.002528 0.000296 113.434123 2.889473 -0.086854 -0.063458 0.085501 0.017197
16.600000 118.566083 2.895087 -0.226506 0.006808 0.001070 0.000200 114.118828 2.853689 -0.112941 -0.058876 0.070096 0.017382
16.700000 119.252726 2.863420 -0.231179 0.010778 -0.010113 0.000061 114.806935 2.826231 -0.117355 -0.056856 0.081566 0.015667
16.800000 119.939338 2.835740 -0.234012 0.010880 -0.012992 0.000016 115.494898 2.801882 -0.106644 -0.052825 0.090635 0.014292
16.900000 120.625882 2.811666 -0.231018 0.011168 -0.007696 0.000066 116.180780 2.779692 -0.099135 -0.040400 0.087315 0.013629
17.000000 121.312343 2.790787 -0.217922 0.008083 -0.007456 0.000056 116.867250 2.762218 -0.084627 -0.025876 0.087720 0.012384
17.100000 121.998789 2.772600 -0.202584 0.001100 -0.009386 0.000029 117.553715 2.748321 -0.073119 -0.014031 0.087948 0.010702
17.200000 122.685223 2.756219 -0.186205 -0.008651 -0.014772 0.000044 118.238588 2.736928 -0.095455 0.006654 0.075870 0.008829
17.300000 123.371572 2.740702 -0.164908 -0.010619 -0.031332 0.000185 118.926239 2.727230 -0.102777 0.024465 0.079700 0.006404
17.400000 124.057596 2.725809 -0.133230 -0.010030 -0.045403 0.000283 119.614917 2.717958 -0.079978 0.028841 0.089951 0.003846
17.500000 124.744323 2.711234 -0.116958 -0.011938 -0.037829 0.000138 120.299784 2.709612 -0.063996 0.028216 0.082135 0.001155
17.600000 125.432115 2.696625 -0.127948 -0.012054 -0.018281 -0.000128 120.984673 2.700458 -0.061417 0.027179 0.068451 -0.001067
17.700000 126.119965 2.682307 -0.138787 -0.004758 0.005637 -0.000338 121.671202 2.689127 -0.041371 0.014479 0.058182 -0.002458
17.800000 126.807807 2.668930 -0.147746 0.005641 0.038823 -0.000329 122.359317 2.675809 -0.027733 -0.001242 0.034778 -0.002804
17.900000 127.495093 2.657383 -0.168184 0.011512 0.061335 -0.000143 123.048916 2.662145 -0.044223 -0.007116 0.013779 -0.002151
18.000000 128.181426 2.648122 -0.205058 0.013980 0.060975 -0.000128 123.735320 2.651091 -0.041661 -0.011784 0.031984 -0.001447
18.100000 128.868075 2.640979 -0.236608 0.019164 0.055729 -0.000175 124.422884 2.642330 -0.023518 -0.018162 0.059780 -0.000795
18.200000 129.554642 2.636318 -0.269901 0.022790 0.050524 -0.000235 125.111968 2.636194 -0.009655 -0.021451 0.086418 -0.000132
18.300000 130.240838 2.634315 -0.310407 0.020415 0.047215 -0.000250 125.804273 2.633411 0.019247 -0.018178 0.121294 0.000303
18.400000 130.926914 2.634449 -0.353426 0.016847 0.051898 -0.000108 126.496852 2.632530 0.039215 -0.011602 0.145206 0.000753
18.500000 131.613500 2.636017 -0.387221 0.015797 0.055774 -0.000014 127.182860 2.633054 0.005667 -0.006985 0.141367 0.001225
18.600000 132.301484 2.638490 -0.395343 0.014340 0.041621 -0.000217 127.870731 2.636081 -0.022659 -0.001569 0.146593 0.001289
18.700000 132.990065 2.641790 -0.390459 0.008373 0.018893 -0.000452 128.559791 2.641173 -0.053247 0.011728 0.153624 0.000978
18.800000 133.678654 2.645546 -0.387332 0.005990 -0.005354 -0.000533 129.248157 2.647693 -0.103355 0.026569 0.154109 0.000096
18.900000 134.367193 2.649529 -0.387266 0.008234 -0.032765 -0.000594 129.941266 2.654555 -0.140535 0.035623 0.165133 -0.000977
19.000000 135.055057 2.653693 -0.367644 0.008004 -0.046641 -0.000557 130.631891 2.661823 -0.141763 0.036186 0.169802 -0.002425
19.100000 135.742698 2.658175 -0.342727 0.011302 -0.039257 -0.000355 131.310610 2.670486 -0.160334 0.030781 0.142401 -0.004635
19.200000 136.430652 2.663394 -0.325535 0.020455 -0.029639 -0.000148 131.990050 2.678115 -0.194861 0.022038 0.109078 -0.006098
19.300000 137.118421 2.669898 -0.301704 0.033860 -0.028559 -0.000102 132.673813 2.684316 -0.219062 0.009409 0.086189 -0.006247
19.400000 137.805730 2.678310 -0.261877 0.037427 -0.031695 -0.000185 133.358244 2.690651 -0.243909 -0.001022 0.060070 -0.005420
19.500000 138.493092 2.689375 -0.222645 0.040325 -0.041100 -0.000487 134.045385 2.699133 -0.254557 -0.007175 0.047021 -0.004065
19.600000 139.181662 2.704269 -0.212839 0.043050 -0.040749 -0.000351 134.734496 2.711152 -0.225442 -0.002830 0.055405 -0.002816
19.700000 139.871103 2.722720 -0.224150 0.045491 -0.021304 0.000559 135.422396 2.725887 -0.198608 0.001472 0.052965 -0.001971
19.800000 140.560575 2.743712 -0.233306 0.047987 0.005749 0.001657 136.110649 2.743950 -0.175092 0.008813 0.040327 -0.001612
19.900000 141.250111 2.766687 -0.229845 0.047203 0.031834 0.002491 136.800876 2.765710 -0.143276 0.014015 0.026724 -0.001803
20.000000 141.939091 2.792453 -0.238557 0.042026 0.051154 0.002786 137.491627 2.791738 -0.134358 0.014539 0.015138 -0.002208
