0.000000 6.705000 0.000000 -0.442174 0.000000 -0.062186 0.000000 4.545455 0.000000 0.000000 0.000000 0.000000 0.000000
0.100000 7.173592 0.000238 -0.397869 0.035757 -0.055416 0.000097 4.854071 0.019733 0.288657 0.552177 0.143123 -0.001396
0.200000 7.670700 0.004031 -0.348384 0.077329 -0.039692 0.000790 5.118262 0.085373 0.163389 0.201530 0.137727 -0.002925
0.300000 8.193834 0.016253 -0.325061 0.077589 -0.030838 0.001219 5.349633 0.154102 -0.051578 -0.135115 0.043399 -0.002798
0.400000 8.738948 0.035499 -0.313841 0.062042 -0.028526 0.001101 5.550053 0.206757 -0.042752 -0.136825 0.008046 -0.002813
0.500000 9.302573 0.058616 -0.298179 0.051772 -0.027378 0.000900 5.723001 0.241066 0.003643 -0.062055 0.028303 -0.002411
0.600000 9.882264 0.084456 -0.281609 0.048701 -0.022543 0.000912 5.872320 0.265806 0.003237 -0.014605 0.061825 -0.002231
0.700000 10.475962 0.112689 -0.269986 0.046782 -0.016932 0.000953 6.001360 0.286410 -0.030097 -0.019792 0.046112 -0.002320
0.800000 11.081715 0.142818 -0.261158 0.046252 -0.014146 0.000851 6.112779 0.303693 -0.000002 0.002810 0.015302 -0.002251
0.900000 11.697798 0.174343 -0.249814 0.045540 -0.012046 0.000737 6.208908 0.319012 0.034197 -0.020324 0.031486 -0.001954
1.000000 12.322823 0.207100 -0.237895 0.041437 -0.008172 0.000721 6.291817 0.330372 0.034330 -0.047787 0.035987 -0.001782
1.100000 12.955622 0.240860 -0.231218 0.038882 -0.005961 0.000635 6.363539 0.336984 -0.020302 0.002867 0.013874 -0.001682
1.200000 13.595141 0.275380 -0.231304 0.041330 -0.003802 0.000563 6.425613 0.342939 -0.058611 0.038120 0.035187 -0.001502
1.300000 14.240435 0.310576 -0.232259 0.045279 0.001690 0.000651 6.479272 0.351690 -0.007094 0.022483 0.063629 -0.001584
1.400000 14.890708 0.346601 -0.232077 0.044425 0.007051 0.000728 6.525379 0.361535 0.016813 -0.035072 0.053343 -0.001717
1.500000 15.545234 0.383593 -0.237599 0.040358 0.013885 0.000839 6.565300 0.367754 -0.022818 -0.031431 0.083271 -0.001866
1.600000 16.203369 0.421213 -0.250834 0.039322 0.022569 0.000976 6.599942 0.370892 -0.025582 0.013537 0.076487 -0.002266
1.700000 16.864645 0.459152 -0.267473 0.042149 0.027942 0.000953 6.629701 0.375056 0.013283 0.022180 0.028262 -0.002457
1.800000 17.528806 0.497266 -0.280072 0.041421 0.029200 0.000773 6.655288 0.380212 0.085649 -0.035726 0.006127 -0.002144
1.900000 18.195462 0.535464 -0.289185 0.037855 0.029440 0.000590 6.677421 0.381721 0.068837 -0.015959 -0.006432 -0.001704
2.000000 18.864070 0.573750 -0.302241 0.038373 0.025946 0.000313 6.696699 0.381682 0.032928 0.012406 -0.071673 -0.001134
2.100000 19.534557 0.611822 -0.311272 0.039089 0.016341 -0.000130 6.713600 0.382049 0.043054 0.002197 -0.105935 -0.000192
2.200000 20.206694 0.649634 -0.313718 0.037759 0.007833 -0.000431 6.728189 0.381585 0.033381 -0.030212 -0.059656 0.000695
2.300000 20.880189 0.687157 -0.311655 0.036110 0.001537 -0.000565 6.740735 0.378669 0.043274 0.018037 -0.079765 0.001199
2.400000 21.554827 0.724309 -0.304411 0.041287 -0.008987 -0.000818 6.751696 0.377621 0.030195 0.060461 -0.122775 0.001907
2.500000 22.230358 0.761351 -0.288729 0.043468 -0.019680 -0.001057 6.761246 0.380586 0.044500 -0.025303 -0.076751 0.002437
2.600000 22.906714 0.798702 -0.271326 0.037974 -0.023680 -0.000974 6.769173 0.381033 -0.044698 -0.067062 -0.010111 0.002498
2.700000 23.584034 0.836370 -0.264271 0.033569 -0.022662 -0.000706 6.776075 0.376505 -0.132754 -0.006602 0.034542 0.002091
2.800000 24.262041 0.873730 -0.260008 0.036087 -0.016548 -0.000325 6.782454 0.371534 -0.063153 0.036234 0.089466 0.001221
2.900000 24.940513 0.910770 -0.252245 0.037164 -0.005113 0.000171 6.787438 0.370384 0.025207 -0.030278 0.141072 0.000188
3.000000 25.619432 0.947851 -0.249754 0.028478 0.010175 0.000663 6.791206 0.366472 0.013574 -0.131688 0.145542 -0.000623
3.100000 26.298603 0.984437 -0.261532 0.016260 0.021631 0.000817 6.794983 0.352830 -0.038924 -0.085725 0.087971 -0.001445
3.200000 26.977944 1.019341 -0.282094 0.012827 0.029719 0.000759 6.798359 0.333288 -0.013039 0.007416 0.082452 -0.001846
3.300000 27.657578 1.052211 -0.302825 0.014084 0.037737 0.000682 6.800871 0.315420 0.042058 -0.007911 0.067751 -0.001807
3.400000 28.337365 1.083267 -0.326137 0.008162 0.042247 0.000572 6.803024 0.297328 0.022878 -0.098580 0.027776 -0.001494
3.500000 29.017165 1.112161 -0.354496 -0.002151 0.044556 0.000445 6.805033 0.272420 0.005336 -0.083456 0.022452 -0.001192
3.600000 29.697059 1.138185 -0.385115 -0.006724 0.046234 0.000331 6.806794 0.242543 0.007079 -0.022899 0.008435 -0.000940
3.700000 30.377071 1.161148 -0.416826 -0.007316 0.047312 0.000241 6.808329 0.213201 -0.002682 0.007195 0.017182 -0.000712
3.800000 31.057152 1.181255 -0.450164 -0.007222 0.049821 0.000162 6.809666 0.186692 0.001029 -0.006600 0.028856 -0.000500
3.900000 31.737547 1.198813 -0.479762 -0.007868 0.048505 0.000130 6.810946 0.162169 0.083777 -0.011428 -0.055358 -0.000366
4.000000 32.418412 1.214019 -0.501903 -0.010567 0.041626 0.000154 6.812488 0.138419 0.078809 -0.051624 -0.066248 -0.000428
4.100000 33.099399 1.226757 -0.523328 -0.018017 0.036453 0.000176 6.813516 0.111951 0.019499 -0.063799 -0.044564 -0.000528
4.200000 33.780340 1.236612 -0.547925 -0.020441 0.031154 0.000229 6.814072 0.083132 -0.044138 0.004470 -0.063239 -0.000538
4.300000 34.461338 1.243658 -0.572342 -0.019427 0.025334 0.000287 6.814335 0.056930 -0.022336 0.004318 -0.028974 -0.000651
4.400000 35.142665 1.248402 -0.586058 -0.022298 0.023907 0.000249 6.814902 0.032842 0.085725 -0.062455 -0.025097 -0.000670
4.500000 35.824224 1.250746 -0.592184 -0.031021 0.019568 0.000293 6.815706 0.004832 0.067016 -0.104584 -0.056151 -0.000806
4.600000 36.505779 1.249926 -0.600668 -0.038873 0.014475 0.000382 6.816191 -0.028513 -0.001924 -0.044503 -0.038702 -0.000974
4.700000 37.187370 1.245673 -0.608374 -0.039674 0.009296 0.000487 6.816494 -0.062242 0.015711 0.012025 -0.071163 -0.001079
4.800000 37.869042 1.238401 -0.609805 -0.039433 0.000811 0.000695 6.816877 -0.092197 0.023753 -0.013656 -0.083734 -0.001497
4.900000 38.550744 1.228451 -0.603667 -0.042256 -0.004463 0.000736 6.817265 -0.120373 0.027855 -0.034554 -0.012460 -0.001849
5.000000 39.232489 1.215323 -0.602974 -0.044837 -0.002338 0.000470 6.817502 -0.148603 -0.071058 -0.011168 0.034291 -0.001473
5.100000 39.914268 1.198977 -0.609838 -0.043257 0.000017 0.000248 6.817792 -0.175434 -0.062371 0.050515 0.019419 -0.000893
5.200000 40.596059 1.180456 -0.610125 -0.036871 0.002081 0.000097 6.817862 -0.195696 0.063083 0.055431 0.016768 -0.000469
5.300000 41.277876 1.160661 -0.598951 -0.033496 0.002131 0.000064 6.817940 -0.209044 0.164931 0.018315 -0.019061 -0.000198
5.400000 41.959708 1.139761 -0.584892 -0.030659 -0.003632 0.000228 6.818651 -0.218928 0.072631 0.053977 -0.097177 -0.000277
5.500000 42.641525 1.118001 -0.572672 -0.025097 -0.017251 0.000556 6.819308 -0.223435 0.038130 0.049046 -0.161838 -0.000759
5.600000 43.323194 1.096200 -0.552188 -0.021436 -0.032581 0.000795 6.819770 -0.222797 0.016331 0.021215 -0.131362 -0.001539
5.700000 44.004690 1.074620 -0.525939 -0.021067 -0.042414 0.000820 6.819818 -0.219987 -0.029398 -0.004910 -0.059655 -0.001994
5.800000 44.686290 1.053142 -0.501967 -0.019562 -0.044089 0.000660 6.819796 -0.217177 -0.094621 0.036913 0.015709 -0.001842
5.900000 45.368072 1.031861 -0.482116 -0.015404 -0.040731 0.000439 6.820146 -0.212006 -0.068283 0.025372 0.055011 -0.001407
6.000000 46.049739 1.011188 -0.459505 -0.015299 -0.032457 0.000203 6.820397 -0.205196 -0.019070 -0.005969 0.121538 -0.000800
6.100000 46.731606 0.990970 -0.443610 -0.015363 -0.018074 -0.000067 6.820662 -0.199737 -0.006407 0.002683 0.146958 -0.000162
6.200000 47.413613 0.971141 -0.434979 -0.014068 -0.006807 -0.000225 6.820638 -0.194685 0.007506 0.019670 0.076385 0.000333
6.300000 48.095667 0.951780 -0.433274 -0.012933 0.000859 -0.000279 6.820684 -0.188876 -0.016208 -0.002723 0.091093 0.000594
6.400000 48.777715 0.932928 -0.438190 -0.014528 0.012324 -0.000363 6.820766 -0.184032 -0.008284 -0.018495 0.123096 0.000862
6.500000 49.459635 0.914370 -0.452885 -0.014156 0.022116 -0.000414 6.821015 -0.180933 -0.045326 0.030508 0.072338 0.000965
6.600000 50.141466 0.896201 -0.472421 -0.009079 0.028661 -0.000398 6.821158 -0.175482 0.019603 0.064020 0.064744 0.000904
6.700000 50.823461 0.878950 -0.486358 -0.002464 0.033411 -0.000342 6.820826 -0.164182 0.107109 0.061454 0.017028 0.000837
6.800000 51.505552 0.863082 -0.497352 0.000710 0.030702 -0.000263 6.821127 -0.148972 0.112672 -0.008358 -0.072064 0.000747
6.900000 52.187721 0.848711 -0.505752 -0.003102 0.020843 -0.000193 6.822031 -0.136343 0.069941 -0.044486 -0.112850 0.000438
7.000000 52.869935 0.835442 -0.512034 -0.003451 0.009570 -0.000109 6.822481 -0.127444 0.007686 0.040143 -0.108240 0.000390
7.100000 53.552161 0.823159 -0.517113 0.002024 -0.000031 -0.000060 6.822294 -0.116440 -0.036907 0.059663 -0.078084 0.000359
7.200000 54.234386 0.812226 -0.518995 0.007054 -0.005599 -0.000055 6.822067 -0.101222 -0.035807 0.025438 -0.028644 0.000235
7.300000 54.916588 0.802904 -0.516471 0.005828 -0.005964 -0.000040 6.822045 -0.085253 0.010962 -0.030693 0.007430 0.000137
7.400000 55.598762 0.794993 -0.509330 0.005786 -0.006062 -0.000030 6.822053 -0.072395 0.049667 0.044943 -0.012455 0.000093
7.500000 56.280906 0.788407 -0.497647 0.012888 -0.009669 -0.000053 6.822306 -0.056594 0.081234 0.077357 -0.060514 0.000196
7.600000 56.963026 0.783595 -0.482720 0.017993 -0.015515 -0.000118 6.822684 -0.036136 0.026305 0.019901 -0.041756 0.000306
7.700000 57.645240 0.780967 -0.473690 0.017387 -0.017681 -0.000126 6.822658 -0.015999 -0.065705 -0.019540 -0.006674 0.000316
7.800000 58.327516 0.780284 -0.468258 0.017921 -0.017576 -0.000094 6.822664 0.001309 -0.053448 0.038166 0.005654 0.000271
7.900000 59.009733 0.781330 -0.459399 0.024052 -0.016127 -0.000042 6.822692 0.020271 0.006977 0.072827 0.030561 0.000138
8.000000 59.691863 0.784402 -0.445084 0.030475 -0.011391 0.000090 6.822454 0.044363 0.068518 0.042010 0.050381 -0.000154
8.100000 60.374019 0.790078 -0.433936 0.032240 -0.008175 0.000164 6.822289 0.069965 0.003053 0.009675 0.018612 -0.000354
8.200000 61.056256 0.798556 -0.432725 0.035494 -0.005439 0.000215 6.822405 0.094659 -0.060913 0.057331 0.041039 -0.000501
8.300000 61.738513 0.809663 -0.433787 0.041179 -0.001354 0.000309 6.822556 0.121781 -0.003510 0.045550 0.031644 -0.000736
8.400000 62.420762 0.823356 -0.429845 0.043554 0.000302 0.000301 6.822509 0.150675 0.061902 -0.001969 0.003755 -0.000785
8.500000 63.103010 0.839597 -0.421755 0.041218 0.000254 0.000226 6.822502 0.176424 0.081099 -0.032166 -0.001243 -0.000652
8.600000 63.785259 0.858224 -0.415695 0.041481 -0.001026 0.000119 6.822540 0.197902 0.008536 0.046582 -0.027431 -0.000428
8.700000 64.467514 0.879299 -0.416844 0.047335 -0.003211 -0.000002 6.822470 0.220534 -0.064564 0.046059 -0.003984 -0.000089
8.800000 65.149775 0.902851 -0.419816 0.049355 -0.001162 0.000093 6.822579 0.244962 -0.039912 -0.000829 0.040574 -0.000112
8.900000 65.832032 0.928673 -0.420789 0.047937 0.003866 0.000310 6.822636 0.267443 0.001290 -0.028934 0.060651 -0.000487
9.000000 66.514271 0.956637 -0.424561 0.044374 0.011215 0.000575 6.822621 0.285550 -0.006493 -0.030947 0.087507 -0.001025
9.100000 67.196420 0.986454 -0.435723 0.043032 0.020819 0.000854 6.822730 0.299829 -0.026327 -0.001219 0.094471 -0.001764
9.200000 67.878462 1.017761 -0.452645 0.044495 0.027696 0.000944 6.822785 0.313178 0.017960 0.036781 0.033962 -0.002298
9.300000 68.560653 1.050085 -0.464263 0.048448 0.028466 0.000752 6.822694 0.328606 0.101875 0.018375 -0.005577 -0.002108
9.400000 69.242957 1.083612 -0.471906 0.044104 0.027230 0.000508 6.822751 0.342248 0.074003 -0.101816 -0.017832 -0.001594
9.500000 69.925048 1.118314 -0.487442 0.032665 0.025724 0.000316 6.822734 0.346135 -0.058080 -0.101700 -0.006102 -0.001068
9.600000 70.606788 1.153258 -0.516459 0.026236 0.027763 0.000286 6.823001 0.341232 -0.157450 -0.018974 0.052991 -0.000720
9.700000 71.288476 1.187510 -0.548007 0.027222 0.036253 0.000431 6.823856 0.333863 -0.014358 0.015199 0.083727 -0.000952
9.800000 71.970741 1.220635 -0.563844 0.025597 0.039751 0.000421 6.823656 0.327625 0.189175 -0.044765 -0.015922 -0.001096
9.900000 72.653498 1.252635 -0.567157 0.019878 0.034809 0.000210 6.824708 0.317209 0.203907 -0.057485 -0.076495 -0.000873
10.000000 73.336148 1.283496 -0.574018 0.015662 0.023559 -0.000048 6.826046 0.303291 0.056933 -0.039767 -0.159725 -0.000358
10.100000 74.018675 1.312933 -0.585763 0.010954 0.005191 -0.000303 6.825607 0.287106 -0.094890 -0.054022 -0.191008 0.000167
10.200000 74.701174 1.340541 -0.592719 0.007109 -0.008713 -0.000384 6.824281 0.267926 -0.049649 -0.014507 -0.069621 0.000710
10.300000 75.383560 1.366104 -0.584753 0.008666 -0.011335 -0.000320 6.824263 0.248916 0.041186 0.034380 -0.002066 0.000850
10.400000 76.065917 1.390016 -0.574081 0.011570 -0.011963 -0.000249 6.824290 0.234412 0.001617 0.014209 -0.011811 0.000706
10.500000 76.748297 1.412691 -0.565456 0.009408 -0.012086 -0.000188 6.824306 0.221979 -0.005890 -0.047159 0.010814 0.000552
10.600000 77.430725 1.434084 -0.560984 0.004445 -0.008807 -0.000118 6.824435 0.207077 -0.054349 -0.045443 0.052932 0.000437
10.700000 78.113210 1.453886 -0.562777 0.000764 -0.002822 -0.000067 6.824793 0.189564 -0.048463 -0.024721 0.062213 0.000293
10.800000 78.795701 1.471876 -0.564691 -0.002463 0.003250 -0.000047 6.824905 0.170745 0.012295 -0.040210 0.059782 0.000212
10.900000 79.478192 1.487916 -0.565600 -0.006291 0.009265 -0.000053 6.824702 0.150065 0.052760 -0.032299 0.061255 0.000199
11.000000 80.160653 1.501839 -0.569249 -0.007982 0.014272 -0.000070 6.824463 0.128708 0.028407 -0.007487 0.031279 0.000187
11.100000 80.843093 1.513694 -0.574602 -0.007322 0.012256 -0.000037 6.824603 0.109011 0.072389 0.016271 -0.072469 0.000162
11.200000 81.525644 1.523812 -0.570097 -0.005926 0.002305 0.000039 6.825590 0.092574 0.112100 0.010127 -0.112925 0.000033
11.300000 82.208226 1.532462 -0.558554 -0.004293 -0.008705 0.000092 6.826623 0.079029 0.068121 0.027019 -0.106761 -0.000101
11.400000 82.890810 1.539913 -0.546275 -0.002189 -0.019348 0.000111 6.826913 0.068863 -0.023813 0.002815 -0.103819 -0.000194
11.500000 83.573422 1.546421 -0.535794 -0.003315 -0.028778 0.000109 6.826342 0.060078 -0.063847 -0.008515 -0.067512 -0.000297
11.600000 84.255813 1.552049 -0.517813 -0.002273 -0.031931 0.000092 6.826206 0.051578 -0.002335 0.036495 0.001136 -0.000251
11.700000 84.938097 1.556990 -0.496390 0.003251 -0.029633 0.000070 6.826201 0.047135 -0.005782 0.064564 0.036432 -0.000249
11.800000 85.620475 1.561788 -0.478162 0.009243 -0.025692 0.000070 6.826228 0.048800 -0.002992 0.045315 0.038712 -0.000246
11.900000 86.302931 1.566999 -0.463063 0.011954 -0.021724 0.000090 6.826276 0.054420 -0.023062 0.015375 0.049032 -0.000235
12.000000 86.985502 1.572882 -0.453279 0.012820 -0.014873 0.000148 6.826478 0.060954 -0.024489 0.017550 0.080943 -0.000323
12.100000 87.668124 1.579490 -0.446693 0.017359 -0.007537 0.000211 6.826556 0.069118 0.002726 0.066120 0.057695 -0.000562
12.200000 88.350761 1.587148 -0.442136 0.022783 -0.002708 0.000247 6.826506 0.082075 0.016648 0.027797 0.047970 -0.000647
12.300000 89.033402 1.596204 -0.438904 0.023866 0.002371 0.000299 6.826352 0.096636 0.034939 0.009714 0.046569 -0.000709
12.400000 89.716036 1.606708 -0.438210 0.025696 0.004682 0.000280 6.826269 0.111040 0.032290 0.021451 -0.010040 -0.000749
12.500000 90.398677 1.618579 -0.435858 0.027838 0.001181 0.000122 6.826419 0.125981 0.054933 0.020261 -0.049692 -0.000472
12.600000 91.081323 1.631783 -0.428757 0.028791 -0.003446 -0.000037 6.826689 0.140902 0.051060 -0.009240 -0.039926 -0.000085
12.700000 91.763982 1.646413 -0.423389 0.025607 -0.006484 -0.000116 6.826747 0.153071 -0.023399 -0.043052 -0.020823 0.000168
12.800000 92.446670 1.662157 -0.422895 0.022108 -0.007956 -0.000127 6.826683 0.160607 -0.059117 -0.026576 -0.005310 0.000286
12.900000 93.129346 1.678442 -0.420806 0.019532 -0.007055 -0.000080 6.826707 0.164635 -0.000320 -0.024189 0.018698 0.000265
13.000000 93.811981 1.694892 -0.412896 0.017731 -0.005471 -0.000030 6.826661 0.166076 0.059421 -0.013332 0.010344 0.000140
13.100000 94.494602 1.711387 -0.402804 0.016554 -0.005191 -0.000016 6.826644 0.166103 0.052724 -0.008606 -0.007509 0.000058
13.200000 95.177237 1.727889 -0.395116 0.015720 -0.007250 -0.000044 6.826705 0.165307 0.014853 -0.009902 -0.033283 0.000069
13.300000 95.859877 1.744292 -0.388414 0.014297 -0.011157 -0.000092 6.826713 0.163564 -0.008024 -0.016253 -0.038054 0.000156
13.400000 96.542495 1.760440 -0.379864 0.013127 -0.013889 -0.000109 6.826704 0.160598 0.007125 -0.009247 -0.016637 0.000243
13.500000 97.225088 1.776245 -0.369443 0.012203 -0.013993 -0.000085 6.826712 0.156956 -0.004277 -0.008806 0.013562 0.000242
13.600000 97.907724 1.791715 -0.362109 0.011085 -0.011633 -0.000037 6.826759 0.152820 -0.025069 -0.015977 0.032716 0.000161
13.700000 98.590386 1.806756 -0.356971 0.008400 -0.008058 0.000009 6.826823 0.147488 -0.007093 -0.035669 0.038254 0.000066
13.800000 99.273054 1.821151 -0.352552 0.005446 -0.004368 0.000036 6.826820 0.139734 0.011110 -0.022799 0.036215 -0.000026
13.900000 99.955723 1.834687 -0.348271 0.002877 -0.000780 0.000046 6.826730 0.130331 0.029163 -0.030372 0.030590 -0.000072
14.000000 100.638393 1.847196 -0.346680 -0.001097 0.001679 0.000042 6.826679 0.118842 0.009908 -0.046760 0.018144 -0.000078
14.100000 101.321059 1.858409 -0.347921 -0.005516 0.002841 0.000030 6.826673 0.104421 0.005782 -0.043190 0.006334 -0.000072
14.200000 102.003725 1.868043 -0.349040 -0.009408 0.003139 0.000022 6.826670 0.087405 0.006516 -0.033274 0.007714 -0.000060
14.300000 102.686382 1.875857 -0.352848 -0.012831 0.005838 -0.000013 6.826704 0.068759 -0.022472 -0.036689 0.046600 0.000020
14.400000 103.369010 1.881657 -0.361569 -0.017297 0.011099 -0.000080 6.826855 0.048337 -0.029278 -0.055159 0.049923 0.000198
14.500000 104.051604 1.885225 -0.373467 -0.021896 0.016122 -0.000151 6.826983 0.025192 -0.008693 -0.037103 0.045842 0.000363
14.600000 104.734236 1.886456 -0.383315 -0.024943 0.020069 -0.000201 6.826888 0.000477 0.061322 -0.025853 0.033481 0.000483
14.700000 105.416900 1.885274 -0.391358 -0.028334 0.022151 -0.000204 6.826749 -0.024858 0.052061 -0.040538 0.005840 0.000532
14.800000 106.099499 1.881483 -0.402296 -0.031599 0.020587 -0.000108 6.826799 -0.051074 0.029772 -0.020831 -0.035985 0.000379
14.900000 106.782124 1.875164 -0.411866 -0.032366 0.015909 0.000066 6.826926 -0.076494 0.019023 0.008194 -0.054559 0.000042
15.000000 107.464787 1.866528 -0.419011 -0.031135 0.011122 0.000203 6.827009 -0.098725 0.022068 0.008057 -0.040651 -0.000331
15.100000 108.147495 1.855925 -0.422197 -0.032108 0.007291 0.000275 6.827120 -0.118263 0.026596 -0.029519 -0.038986 -0.000608
15.200000 108.830215 1.843373 -0.424173 -0.035020 0.003327 0.000337 6.827177 -0.138060 -0.001086 -0.014319 -0.033038 -0.000800
15.300000 109.512938 1.828837 -0.424888 -0.034851 0.001013 0.000335 6.827193 -0.157257 -0.007096 0.018786 -0.003697 -0.000852
15.400000 110.195659 1.812379 -0.428327 -0.032346 0.002960 0.000191 6.827278 -0.173253 -0.048843 0.026738 0.038270 -0.000675
15.500000 110.878366 1.794313 -0.436847 -0.029891 0.008333 -0.000022 6.827574 -0.185494 -0.040793 0.009954 0.059875 -0.000239
15.600000 111.561089 1.775168 -0.444182 -0.030906 0.013175 -0.000165 6.827611 -0.196002 0.032555 -0.021808 0.033357 0.000258
15.700000 112.243867 1.755076 -0.447307 -0.032900 0.015533 -0.000202 6.827465 -0.207550 0.082929 -0.015200 0.019886 0.000465
15.800000 112.926643 1.733845 -0.450383 -0.033636 0.016241 -0.000177 6.827394 -0.219334 0.052332 0.000390 -0.011874 0.000484
15.900000 113.609370 1.711429 -0.456435 -0.031616 0.012393 -0.000010 6.827495 -0.229448 0.016146 0.041353 -0.062004 0.000276
16.000000 114.292116 1.688281 -0.460522 -0.027162 0.005581 0.000197 6.827586 -0.234969 0.017424 0.041062 -0.063388 -0.000161
16.100000 114.974889 1.664932 -0.460195 -0.023174 0.001269 0.000270 6.827678 -0.235782 0.004290 0.044736 -0.013613 -0.000541
16.200000 115.657659 1.641595 -0.463789 -0.017769 0.003135 0.000175 6.827780 -0.232306 -0.063173 0.059163 0.044144 -0.000586
16.300000 116.340406 1.618701 -0.474979 -0.011338 0.008480 0.000048 6.828201 -0.224022 -0.068866 0.076419 0.059677 -0.000379
16.400000 117.023181 1.596956 -0.484209 -0.002905 0.013323 -0.000017 6.828329 -0.209292 0.047918 0.083242 0.026658 -0.000153
16.500000 117.706086 1.577025 -0.483494 0.003568 0.014102 -0.000023 6.828275 -0.188065 0.142160 0.047925 -0.006240 0.000020
16.600000 118.389028 1.559311 -0.480280 0.008105 0.011361 -0.000034 6.828587 -0.164214 0.079560 0.046393 -0.050711 0.000109
16.700000 119.071900 1.544082 -0.483394 0.012116 0.003768 -0.000096 6.828733 -0.138970 -0.020284 0.025940 -0.093052 0.000252
16.800000 119.754758 1.531403 -0.486930 0.012889 -0.005368 -0.000181 6.828365 -0.114029 -0.041963 -0.008410 -0.073937 0.000376
16.900000 120.437575 1.521013 -0.483141 0.010327 -0.009275 -0.000187 6.828274 -0.092327 0.011209 -0.041747 -0.010417 0.000445
17.000000 121.120346 1.512500 -0.474153 0.006946 -0.009559 -0.000146 6.828276 -0.076082 0.030449 -0.017441 -0.004611 0.000405
17.100000 121.803121 1.505458 -0.465453 0.006204 -0.010677 -0.000117 6.828293 -0.063034 0.009364 -0.009920 -0.013439 0.000326
17.200000 122.485887 1.499623 -0.456025 0.002104 -0.012095 -0.000095 6.828318 -0.052956 0.033968 -0.067679 -0.021843 0.000241
17.300000 123.168608 1.494506 -0.442870 -0.004226 -0.015174 -0.000071 6.828439 -0.049428 0.038378 -0.054342 -0.038774 0.000148
17.400000 123.851307 1.489501 -0.428212 -0.007560 -0.019186 -0.000034 6.828555 -0.050784 0.019188 -0.006287 -0.033931 0.000092
17.500000 124.534099 1.484265 -0.418221 -0.007346 -0.017948 -0.000036 6.828697 -0.052970 -0.091602 -0.000084 0.063762 0.000074
17.600000 125.217117 1.478732 -0.421111 -0.008407 -0.008633 -0.000095 6.829854 -0.055047 -0.125745 -0.022390 0.111466 0.000210
17.700000 125.900182 1.472896 -0.427204 -0.009899 0.002994 -0.000173 6.830791 -0.058637 -0.040366 -0.001097 0.124968 0.000379
17.800000 126.583237 1.466691 -0.434316 -0.007685 0.017246 -0.000263 6.830830 -0.061920 0.037751 0.047935 0.154863 0.000421
17.900000 127.266228 1.460361 -0.444411 -0.002042 0.031360 -0.000292 6.829875 -0.060457 0.064222 0.051592 0.101451 0.000471
18.000000 127.948938 1.454390 -0.463667 0.001129 0.035673 -0.000241 6.829661 -0.054942 0.038138 0.007090 -0.011310 0.000598
18.100000 128.631711 1.449044 -0.481117 0.000671 0.032222 -0.000187 6.829873 -0.049160 0.086385 -0.008439 -0.039663 0.000516
18.200000 129.314632 1.444257 -0.494184 0.000916 0.027621 -0.000144 6.830208 -0.044275 0.045770 0.024851 -0.053018 0.000423
18.300000 129.997478 1.440042 -0.510065 0.004611 0.022362 -0.000117 6.830272 -0.037757 -0.024789 0.034476 -0.044245 0.000382
18.400000 130.680251 1.436649 -0.529101 0.006193 0.019300 -0.000100 6.830127 -0.029051 -0.056888 -0.011023 -0.012511 0.000291
18.500000 131.363079 1.434092 -0.545221 0.003375 0.019845 -0.000073 6.830130 -0.021861 0.015963 -0.016989 0.007889 0.000225
18.600000 132.046110 1.432090 -0.551035 0.004037 0.017539 -0.000061 6.830354 -0.016699 0.115258 0.026183 -0.055108 0.000185
18.700000 132.729285 1.430639 -0.548805 0.006928 0.010395 -0.000080 6.831203 -0.009725 0.105636 0.019162 -0.077953 0.000238
18.800000 133.412463 1.429942 -0.547366 0.006784 0.002724 -0.000111 6.831659 -0.002255 0.011736 -0.016151 -0.077586 0.000235
18.900000 134.095629 1.429942 -0.548545 0.005348 -0.005986 -0.000138 6.831459 0.003398 -0.050357 -0.007325 -0.096539 0.000279
19.000000 134.778753 1.430445 -0.545333 0.008184 -0.013882 -0.000150 6.831133 0.008557 -0.012382 0.055153 -0.045258 0.000430
19.100000 135.461804 1.431629 -0.536163 0.012662 -0.013286 -0.000101 6.831133 0.017413 -0.007151 0.032493 0.045464 0.000308
19.200000 136.144900 1.433910 -0.530708 0.015099 -0.007983 -0.000007 6.831231 0.028641 -0.033348 0.023434 0.046051 0.000090
19.300000 136.828031 1.437444 -0.528819 0.018199 -0.004949 0.000042 6.831319 0.041302 0.012902 0.037715 0.008587 -0.000076
19.400000 137.511120 1.442198 -0.518483 0.022536 -0.006094 0.000010 6.831423 0.056674 0.113125 0.047785 -0.024199 -0.000044
19.500000 138.194172 1.448455 -0.501569 0.026535 -0.009486 -0.000073 6.831808 0.074867 0.086277 0.023781 -0.049031 0.000115
19.600000 138.877303 1.456735 -0.491850 0.027170 -0.013433 -0.000157 6.831923 0.093022 -0.069108 -0.011149 -0.011448 0.000320
19.700000 139.560609 1.467099 -0.495716 0.025348 -0.011156 -0.000065 6.832270 0.108751 -0.160942 -0.022744 0.051830 0.000297
19.800000 140.243956 1.478924 -0.501954 0.022638 -0.003338 0.000138 6.833148 0.121027 -0.046887 -0.032347 0.091897 -0.000031
19.900000 140.927274 1.491544 -0.498952 0.019278 0.005104 0.000290 6.832868 0.129035 0.090320 -0.026058 0.083721 -0.000455
20.000000 141.610583 1.504747 -0.494348 0.017302 0.013374 0.000378 6.831970 0.133999 0.096919 -0.025092 0.070008 -0.000780
