0.000000 6.705000 0.000000 0.313590 0.000000 -0.229881 0.000000 4.545455 0.000000 0.000000 0.000000 0.000000 0.000000
0.100000 7.173920 0.001844 0.373987 0.125796 -0.213006 0.000822 4.864381 -0.020159 -0.591618 1.915267 0.331964 -0.011564
0.200000 7.672873 0.014737 0.432891 0.282607 -0.166328 0.009023 5.147086 0.126443 -0.229663 1.023820 0.588509 -0.033851
0.300000 8.194588 0.051946 0.502284 0.321163 -0.111469 0.022457 5.380192 0.412230 -0.001258 -0.101882 0.465953 -0.047713
0.400000 8.735712 0.113550 0.584862 0.288579 -0.082113 0.026187 5.570215 0.676802 0.310537 -0.452543 0.100129 -0.060284
0.500000 9.293023 0.191615 0.688418 0.233617 -0.085909 0.018997 5.738388 0.865632 0.421166 -0.670958 -0.152219 -0.057211
0.600000 9.865957 0.284091 0.792927 0.174053 -0.090697 0.012881 5.883743 0.975933 0.234855 -0.412215 0.113430 -0.039151
0.700000 10.456138 0.391930 0.855337 0.151178 -0.073238 0.012254 6.008735 1.049680 -0.264066 -0.087545 0.177111 -0.031182
0.800000 11.060752 0.509822 0.884612 0.153143 -0.060741 0.011069 6.119233 1.106734 -0.191926 0.075336 0.066745 -0.029409
0.900000 11.674603 0.629089 0.931372 0.153347 -0.053426 0.009428 6.212015 1.160854 0.055537 -0.108113 0.086621 -0.025360
1.000000 12.296804 0.750200 0.987731 0.132743 -0.042625 0.008620 6.291205 1.196311 0.079685 -0.242862 0.118475 -0.021820
1.100000 12.927497 0.875002 1.025028 0.117225 -0.032774 0.007740 6.360790 1.209520 -0.101008 -0.050858 0.068705 -0.020115
1.200000 13.565550 1.001734 1.043074 0.120667 -0.021653 0.007126 6.422554 1.215082 -0.141684 0.097926 0.180883 -0.018544
1.300000 14.209491 1.128305 1.060170 0.129612 0.002756 0.008299 6.475240 1.227564 0.068839 0.057904 0.286869 -0.019950
1.400000 14.858380 1.255346 1.076061 0.123926 0.025896 0.009177 6.517445 1.242602 0.097362 -0.129465 0.151445 -0.021793
1.500000 15.510986 1.385032 1.067568 0.111435 0.042092 0.008876 6.556255 1.246810 -0.114373 -0.052037 0.205361 -0.021736
1.600000 16.166418 1.516204 1.033872 0.116594 0.067120 0.009454 6.592209 1.246252 -0.091498 0.128894 0.261911 -0.023458
1.700000 16.824776 1.647131 0.993354 0.129794 0.088237 0.009602 6.621048 1.257128 0.030035 0.108866 0.142254 -0.024770
1.800000 17.486865 1.776895 0.961600 0.137246 0.097165 0.008376 6.644178 1.277693 0.233213 0.065972 0.045540 -0.022682
1.900000 18.152117 1.906458 0.936153 0.151379 0.097789 0.006351 6.665314 1.304641 0.143252 0.200027 -0.047236 -0.018378
2.000000 18.818932 2.038692 0.903954 0.166820 0.084017 0.002576 6.685375 1.339518 0.054685 0.090966 -0.243499 -0.010663
2.100000 19.488805 2.171202 0.886236 0.170012 0.055904 -0.002748 6.704624 1.372029 0.119545 0.015005 -0.266543 0.000939
2.200000 20.161704 2.302747 0.890926 0.174048 0.037953 -0.005216 6.722985 1.396879 0.100532 0.087661 -0.118321 0.010460
2.300000 20.836622 2.434097 0.914022 0.184370 0.014993 -0.008048 6.741930 1.423555 0.250013 0.083853 -0.370868 0.016744
2.400000 21.513101 2.562915 0.970707 0.183391 -0.030741 -0.014396 6.766447 1.445880 0.215785 -0.119598 -0.478402 0.027909
2.500000 22.190153 2.692389 1.041576 0.161983 -0.066074 -0.017265 6.782216 1.445864 -0.008078 -0.276385 -0.195698 0.038072
2.600000 22.869362 2.826624 1.090359 0.138746 -0.070500 -0.013996 6.792546 1.425364 -0.406159 -0.152033 0.075240 0.038472
2.700000 23.551644 2.965603 1.101663 0.133851 -0.061817 -0.009379 6.805078 1.394695 -0.532851 0.040700 0.120149 0.028792
2.800000 24.233226 3.101563 1.129057 0.134655 -0.039798 -0.004043 6.814643 1.372292 -0.086081 -0.126676 0.370673 0.017183
2.900000 24.914737 3.237996 1.145420 0.111091 0.016834 0.004079 6.822620 1.352076 -0.155004 -0.264178 0.737730 0.004519
3.000000 25.594995 3.378513 1.101911 0.096786 0.091831 0.011174 6.836697 1.323755 -0.236186 0.029718 0.680678 -0.016818
3.100000 26.271560 3.519988 1.012360 0.108038 0.146780 0.014140 6.844677 1.307159 -0.068675 0.119726 0.425861 -0.032965
3.200000 26.949569 3.657898 0.930249 0.114867 0.182814 0.014647 6.834501 1.309828 0.320390 0.012793 0.272447 -0.036543
3.300000 27.626055 3.794499 0.840818 0.109582 0.194656 0.012370 6.826307 1.310662 0.154829 -0.078383 -0.029848 -0.033872
3.400000 28.298609 3.930772 0.731317 0.107462 0.187864 0.008541 6.822810 1.303366 0.028951 0.054171 -0.061454 -0.025761
3.500000 28.971200 4.064349 0.621960 0.109106 0.187196 0.006239 6.819994 1.293328 0.043262 -0.042549 0.039439 -0.018361
3.600000 29.643141 4.195731 0.509152 0.098356 0.195173 0.005438 6.817687 1.275983 0.018281 -0.144446 0.101527 -0.014354
3.700000 30.312179 4.325227 0.381640 0.085634 0.201698 0.004685 6.816317 1.247270 -0.099844 -0.088489 0.018411 -0.012596
3.800000 30.979424 4.451353 0.245083 0.079704 0.204475 0.003740 6.815483 1.211743 -0.054245 -0.059835 0.055847 -0.010334
3.900000 31.648060 4.572432 0.114915 0.067004 0.211330 0.003303 6.814685 1.170150 0.067806 -0.208684 0.057586 -0.008566
4.000000 32.315970 4.688335 -0.018868 0.047366 0.216450 0.002788 6.814104 1.114199 0.009937 -0.111157 0.054510 -0.007307
4.100000 32.981703 4.798341 -0.162942 0.047539 0.221713 0.002332 6.814020 1.054507 0.029359 0.037935 0.004793 -0.006418
4.200000 33.649774 4.901783 -0.296959 0.044048 0.214290 0.001396 6.814840 1.000067 0.126799 -0.081513 -0.118719 -0.004811
4.300000 34.319361 4.999095 -0.424395 0.034177 0.205083 0.000635 6.815877 0.942311 0.069077 -0.106243 -0.050469 -0.002713
4.400000 34.988667 5.090387 -0.553336 0.032639 0.197021 0.000182 6.816565 0.882798 0.105228 0.084991 -0.194335 -0.001023
4.500000 35.661791 5.175418 -0.662969 0.043395 0.167465 -0.000933 6.820161 0.834656 0.093147 0.098749 -0.356078 0.001962
4.600000 36.337311 5.255656 -0.758675 0.049673 0.134447 -0.002165 6.821359 0.797016 -0.007776 -0.028911 -0.248036 0.004589
4.700000 37.016112 5.331388 -0.829354 0.045295 0.108464 -0.002878 6.824334 0.761297 0.180334 -0.050111 -0.342886 0.005911
4.800000 37.698008 5.402594 -0.872357 0.035521 0.064268 -0.004040 6.830764 0.721799 0.040777 -0.177881 -0.521429 0.007037
4.900000 38.380712 5.469449 -0.902424 0.008338 0.017515 -0.004477 6.829225 0.671395 -0.132568 -0.324768 -0.338800 0.006984
5.000000 39.063601 5.530325 -0.924324 -0.014745 -0.004706 -0.003617 6.825763 0.600828 -0.192016 -0.037441 -0.155655 0.008382
5.100000 39.746404 5.584222 -0.934938 -0.005071 -0.015711 -0.002649 6.824255 0.526414 -0.127188 0.113859 -0.055080 0.007826
5.200000 40.428810 5.632355 -0.921259 -0.004079 -0.018462 -0.001963 6.824639 0.468682 0.205297 -0.066466 -0.056299 0.005758
5.300000 41.110565 5.675476 -0.874128 -0.013850 -0.034096 -0.001344 6.829865 0.410104 0.336857 -0.111749 -0.226027 0.003578
5.400000 41.792050 5.713279 -0.817165 -0.019317 -0.058614 -0.000635 6.836357 0.351487 0.198783 -0.007814 -0.279891 0.002128
5.500000 42.473186 5.745843 -0.754552 -0.016334 -0.091316 0.000123 6.840377 0.300133 0.015981 0.077736 -0.377017 0.001017
5.600000 43.154119 5.773889 -0.689815 -0.010364 -0.127486 0.000627 6.836839 0.259397 -0.167182 -0.015771 -0.275039 -0.000490
5.700000 43.832339 5.798446 -0.604538 -0.014784 -0.143281 0.000685 6.835171 0.224165 0.000999 -0.015046 -0.039668 -0.001719
5.800000 44.509607 5.819470 -0.512323 -0.013930 -0.137901 0.000443 6.835535 0.190319 -0.132011 0.028518 0.112023 -0.001437
5.900000 45.189885 5.836994 -0.441858 -0.008953 -0.120925 0.000130 6.838706 0.161696 -0.177255 0.036421 0.211040 -0.000951
6.000000 45.870623 5.851968 -0.374566 -0.005565 -0.100731 -0.000076 6.840378 0.139849 0.001463 0.012048 0.195431 -0.000270
6.100000 46.551492 5.864882 -0.308748 -0.012352 -0.083363 -0.000195 6.839834 0.118426 0.101745 -0.073150 0.188645 0.000686
6.200000 47.232702 5.875374 -0.247374 -0.016507 -0.066615 -0.000361 6.838036 0.091822 0.118513 0.040110 0.091673 0.000909
6.300000 47.914639 5.883354 -0.196762 -0.001861 -0.063517 -0.000325 6.837720 0.073529 -0.013030 0.200170 -0.018394 0.000832
6.400000 48.597238 5.890380 -0.156571 0.021004 -0.063009 -0.000226 6.837746 0.073925 -0.035437 0.241519 0.044589 0.000560
6.500000 49.279706 5.898586 -0.114126 0.040012 -0.060190 -0.000121 6.837855 0.096345 0.091906 0.100032 -0.042501 0.000262
6.600000 49.961004 5.908811 -0.052770 0.037574 -0.074723 -0.000668 6.840354 0.124281 0.213195 -0.118231 -0.223471 0.000548
6.700000 50.640462 5.920559 0.032899 0.033998 -0.098279 -0.001338 6.846610 0.142255 0.295243 0.087859 -0.270603 0.002534
6.800000 51.317875 5.933663 0.139508 0.058288 -0.132748 -0.002383 6.856211 0.171969 0.206037 0.434272 -0.398287 0.007788
6.900000 51.995124 5.951013 0.248715 0.112384 -0.172181 -0.004532 6.857882 0.227403 -0.180694 0.502640 -0.318483 0.015144
7.000000 52.673670 5.977517 0.350227 0.148989 -0.186098 -0.004767 6.854789 0.308977 -0.247304 0.208461 0.028549 0.013841
7.100000 53.351227 6.014331 0.457050 0.157268 -0.161273 0.000277 6.860020 0.412613 -0.181858 0.036241 0.466298 0.005642
7.200000 54.032245 6.065945 0.541373 0.160473 -0.103808 0.009256 6.868439 0.521300 -0.106298 0.037346 0.618817 -0.013184
7.300000 54.716410 6.133177 0.594448 0.163939 -0.056487 0.014672 6.871727 0.636765 -0.048449 0.031071 0.279882 -0.031193
7.400000 55.400602 6.209798 0.649362 0.164102 -0.047754 0.012670 6.869472 0.751028 0.269304 -0.039423 -0.059128 -0.034101
7.500000 56.083173 6.289538 0.737013 0.156991 -0.055568 0.008312 6.870482 0.845837 0.400719 -0.076026 -0.117545 -0.026045
7.600000 56.766408 6.378012 0.813411 0.153520 -0.069619 0.004010 6.871497 0.921509 -0.049462 -0.022911 -0.139819 -0.015375
7.700000 57.452066 6.477862 0.853874 0.147363 -0.076249 0.001887 6.869185 0.982804 -0.393752 -0.100689 0.020155 -0.007249
7.800000 58.139088 6.585018 0.876020 0.133893 -0.061435 0.003376 6.874623 1.029361 -0.346793 -0.173675 0.284327 -0.005686
7.900000 58.825830 6.694147 0.904612 0.114428 -0.028329 0.006716 6.878905 1.054898 0.077682 -0.207672 0.303077 -0.011128
8.000000 59.512062 6.802131 0.948566 0.095287 -0.003235 0.007928 6.871880 1.057048 0.316761 -0.171313 0.220756 -0.016778
8.100000 60.198204 6.909988 0.979977 0.077036 0.014516 0.007688 6.864990 1.044132 0.139172 -0.210216 0.095663 -0.018515
8.200000 60.883977 7.017318 0.980842 0.055315 0.009496 0.005589 6.862875 1.017483 -0.075901 -0.214985 -0.142311 -0.016914
8.300000 61.569631 7.120515 0.972296 0.031969 -0.004167 0.003513 6.859831 0.973637 -0.082521 -0.252341 -0.089054 -0.012125
8.400000 62.255239 7.216665 0.979275 0.007336 -0.008109 0.002445 6.858838 0.905064 0.079423 -0.205772 -0.020921 -0.007826
8.500000 62.940833 7.304463 0.991585 -0.008292 -0.008838 0.001792 6.858336 0.821053 0.021985 -0.132358 -0.002763 -0.005392
8.600000 63.626519 7.383193 0.995553 -0.020668 -0.009966 0.001344 6.857960 0.732339 -0.055684 -0.109886 0.002606 -0.003983
8.700000 64.312326 7.452315 0.987749 -0.034604 -0.002874 0.000812 6.858647 0.641163 -0.136686 -0.207752 0.152819 -0.002290
8.800000 64.998162 7.511073 0.967308 -0.056352 0.012994 -0.000002 6.860780 0.540506 -0.148279 -0.164541 0.109359 0.000023
8.900000 65.683881 7.558414 0.936742 -0.069932 0.023388 -0.000617 6.862452 0.431091 -0.191207 -0.085764 0.167570 0.001182
9.000000 66.369219 7.593645 0.891142 -0.069426 0.052436 -0.002468 6.867747 0.322217 -0.147094 0.056535 0.391987 0.003481
9.100000 67.053850 7.617904 0.832194 -0.063416 0.085215 -0.004092 6.871017 0.225458 -0.032574 0.034458 0.225215 0.007918
9.200000 67.736991 7.632528 0.756901 -0.068051 0.107843 -0.004595 6.873132 0.138346 -0.143381 -0.114806 0.277863 0.011082
9.300000 68.417617 7.637487 0.658595 -0.080817 0.144840 -0.006105 6.877586 0.049159 -0.081903 -0.101606 0.422400 0.014740
9.400000 69.095213 7.632569 0.540061 -0.081110 0.178043 -0.007257 6.879891 -0.042390 -0.072869 0.116170 0.227192 0.016968
9.500000 69.769698 7.618977 0.404259 -0.062484 0.196639 -0.006914 6.881254 -0.117366 -0.023415 0.241009 0.204998 0.016543
9.600000 70.444802 7.600742 0.271631 -0.038850 0.221832 -0.006597 6.878541 -0.159933 0.123861 0.198841 0.244548 0.015151
9.700000 71.117447 7.579856 0.128171 -0.029038 0.232355 -0.005431 6.877134 -0.182393 0.189256 -0.039872 -0.092633 0.014593
9.800000 71.794933 7.558481 0.005625 -0.041128 0.207789 -0.003276 6.884477 -0.207864 0.371938 -0.179406 -0.339729 0.009499
9.900000 72.477834 7.536177 -0.091819 -0.057770 0.173609 -0.000890 6.895532 -0.243551 0.250254 -0.087978 -0.343264 0.003425
10.000000 73.160342 7.510767 -0.192520 -0.046371 0.144582 0.000945 6.897833 -0.273039 -0.144787 0.281053 -0.215071 0.000777
10.100000 73.839019 7.482609 -0.319550 -0.010284 0.129151 0.001405 6.892824 -0.286147 -0.494579 0.383522 -0.082280 -0.001301
10.200000 74.517624 7.455843 -0.446557 0.016881 0.129869 0.001201 6.892866 -0.262679 -0.187583 0.121068 0.034867 -0.003062
10.300000 75.202614 7.432269 -0.524460 0.007085 0.124917 0.000838 6.894383 -0.224509 0.392558 -0.303247 -0.135555 -0.003050
10.400000 75.893986 7.411022 -0.551740 -0.029846 0.108712 0.000685 6.903169 -0.230546 0.554288 -0.313030 -0.187481 -0.003675
10.500000 76.585306 7.389077 -0.581098 -0.042644 0.084014 0.001324 6.911970 -0.248689 0.134325 0.064896 -0.308226 -0.003180
10.600000 77.274343 7.364626 -0.637577 -0.022497 0.049676 0.002233 6.908101 -0.258017 -0.309797 0.278153 -0.354988 -0.002310
10.700000 77.963093 7.340332 -0.694440 -0.004846 0.020956 0.002281 6.898313 -0.247552 -0.255226 -0.003239 -0.173658 -0.004287
10.800000 78.652727 7.318045 -0.708670 -0.019465 0.013176 0.001840 6.897566 -0.230884 0.197240 -0.209810 -0.025947 -0.005135
10.900000 79.342884 7.296794 -0.685245 -0.036584 0.007531 0.001539 6.899470 -0.237763 0.319111 -0.106637 -0.109695 -0.004460
11.000000 80.033079 7.274335 -0.663685 -0.039508 -0.008396 0.001738 6.902720 -0.249833 0.083966 0.039397 -0.186165 -0.004164
11.100000 80.723315 7.250233 -0.650530 -0.034633 -0.026371 0.001979 6.902870 -0.257726 -0.063479 0.033366 -0.172768 -0.004455
11.200000 81.413495 7.225310 -0.635997 -0.033964 -0.043010 0.002068 6.901271 -0.261798 -0.119108 0.003745 -0.146415 -0.005022
11.300000 82.103040 7.200187 -0.607362 -0.028728 -0.052285 0.001873 6.900745 -0.263833 0.028864 0.117880 -0.049048 -0.004798
11.400000 82.791675 7.175499 -0.561017 -0.012746 -0.055556 0.001502 6.901120 -0.254051 0.099868 0.164657 -0.022232 -0.004043
11.500000 83.480322 7.152104 -0.514796 0.001035 -0.059158 0.001156 6.901427 -0.231459 0.026199 0.103602 -0.053272 -0.003146
11.600000 84.168966 7.131042 -0.468853 0.007805 -0.066624 0.000840 6.901757 -0.202600 0.079980 0.008797 -0.119405 -0.002366
11.700000 84.856311 7.112522 -0.403992 0.001615 -0.084193 0.000522 6.904274 -0.177440 0.168812 -0.121314 -0.220833 -0.002152
11.800000 85.542349 7.095873 -0.323240 -0.008012 -0.105443 0.000398 6.907539 -0.164236 0.106107 -0.072987 -0.189374 -0.001716
11.900000 86.228860 7.079998 -0.246251 -0.019309 -0.116735 0.000374 6.907824 -0.159557 -0.129591 -0.130111 -0.030784 -0.001356
12.000000 86.917168 7.063625 -0.184696 -0.024817 -0.118136 0.000294 6.907587 -0.164343 -0.252225 0.007389 -0.001846 -0.000893
12.100000 87.605424 7.046530 -0.122679 -0.027880 -0.113345 0.000099 6.908346 -0.171221 -0.098669 -0.140781 0.122187 -0.000377
12.200000 88.292391 7.028540 -0.049281 -0.053315 -0.094803 -0.000568 6.908109 -0.192665 0.116436 -0.278005 0.194215 0.002169
12.300000 88.979036 7.007410 0.026864 -0.076334 -0.080461 -0.001197 6.905852 -0.240581 0.108214 -0.201028 0.067788 0.003324
12.400000 89.667146 6.979838 0.084773 -0.093921 -0.075724 -0.001278 6.905750 -0.299553 -0.085204 -0.187940 0.088217 0.003342
12.500000 90.356607 6.944370 0.124823 -0.113290 -0.063490 -0.002147 6.907060 -0.368221 -0.108636 -0.184902 0.138317 0.005078
12.600000 91.046536 6.900557 0.157137 -0.136810 -0.051947 -0.002946 6.908208 -0.450034 -0.119307 -0.255291 0.102766 0.007334
12.700000 91.736474 6.847914 0.189115 -0.150725 -0.035613 -0.004513 6.908717 -0.547444 -0.018443 -0.003794 0.224156 0.009732
12.800000 92.426576 6.785028 0.213576 -0.137675 -0.008993 -0.007257 6.907986 -0.638540 0.028959 0.215441 0.282015 0.013655
12.900000 93.116736 6.712990 0.223187 -0.118084 0.013358 -0.008501 6.906098 -0.706106 0.051817 0.122391 0.110318 0.018746
13.000000 93.806947 6.636400 0.234985 -0.121494 0.009998 -0.006169 6.905459 -0.761473 0.197121 -0.184422 -0.137071 0.017744
13.100000 94.497335 6.557618 0.265587 -0.147026 -0.005409 -0.002694 6.907812 -0.828001 0.162842 -0.248817 -0.182562 0.009576
13.200000 95.187816 6.471963 0.291037 -0.157722 -0.022600 0.000547 6.907870 -0.897824 -0.142562 0.042847 -0.123314 0.001916
13.300000 95.878808 6.376433 0.293579 -0.141474 -0.025636 0.000985 6.907420 -0.957645 -0.410645 0.242909 0.049964 -0.002110
13.400000 96.570122 6.274884 0.284760 -0.121077 -0.012456 -0.000904 6.912068 -0.993171 -0.215754 0.096194 0.224495 -0.000822
13.500000 97.261260 6.172808 0.289159 -0.124139 0.016276 -0.004122 6.913596 -1.013055 0.041855 -0.138367 0.324803 0.006965
13.600000 97.952214 6.068029 0.289269 -0.139695 0.047016 -0.007036 6.909698 -1.048575 0.101399 -0.125524 0.260674 0.015503
13.700000 98.642339 5.957794 0.272494 -0.146564 0.065491 -0.007911 6.906326 -1.094765 0.055680 -0.031617 0.116444 0.019215
13.800000 99.331821 5.842781 0.245958 -0.148203 0.073086 -0.007092 6.903787 -1.140289 0.067892 -0.007929 0.050175 0.018707
13.900000 100.021137 5.724389 0.217453 -0.149613 0.076226 -0.005788 6.901565 -1.181424 0.041587 -0.015726 0.006038 0.016091
14.000000 100.710168 5.602661 0.185473 -0.152955 0.074784 -0.004117 6.899879 -1.218369 0.009199 -0.064904 -0.036779 0.012330
14.100000 101.399273 5.478331 0.154645 -0.158659 0.070806 -0.002457 6.898630 -1.253822 -0.007406 -0.055617 -0.031271 0.008063
14.200000 102.088640 5.351645 0.127615 -0.163076 0.068197 -0.001386 6.897845 -1.288325 0.029312 -0.002786 -0.035407 0.004842
14.300000 102.778382 5.222878 0.106079 -0.160879 0.065411 -0.000568 6.897480 -1.318358 0.031124 0.030658 -0.015679 0.002396
14.400000 103.468056 5.091428 0.083506 -0.156043 0.063038 -0.000027 6.897279 -1.341204 -0.020559 0.068470 -0.031068 0.000856
14.500000 104.157592 4.957828 0.058776 -0.148255 0.061072 0.000297 6.897198 -1.355046 -0.013180 0.064661 -0.003724 -0.000357
14.600000 104.847582 4.824405 0.041542 -0.137920 0.057863 0.000693 6.897503 -1.358713 0.101226 0.153239 -0.064734 -0.000950
14.700000 105.538052 4.692305 0.032404 -0.120217 0.048042 0.001798 6.898725 -1.346775 0.065337 0.200046 -0.137190 -0.002485
14.800000 106.228411 4.561683 0.021035 -0.101297 0.033933 0.002978 6.899552 -1.317978 -0.011735 0.131980 -0.129169 -0.005305
14.900000 106.918787 4.434320 0.010548 -0.092535 0.023801 0.003298 6.900083 -1.278180 -0.051833 0.063132 -0.077347 -0.007532
15.000000 107.609166 4.310725 0.000598 -0.086723 0.016680 0.003155 6.900548 -1.235260 -0.097921 0.048385 -0.071808 -0.007846
15.100000 108.299543 4.191050 -0.008301 -0.084707 0.010642 0.002896 6.900874 -1.192383 -0.079081 0.005222 -0.033796 -0.007548
15.200000 108.989975 4.075524 -0.011240 -0.085019 0.012493 0.002036 6.901790 -1.152868 -0.064681 -0.075218 0.088415 -0.006171
15.300000 109.680300 3.962461 -0.021182 -0.097559 0.025219 0.000424 6.903270 -1.124306 -0.071330 -0.112041 0.138783 -0.002478
15.400000 110.370519 3.850744 -0.035950 -0.100009 0.036260 -0.000768 6.903881 -1.110233 -0.011023 0.077420 0.074602 0.000605
15.500000 111.060787 3.740567 -0.049532 -0.091740 0.040355 -0.001014 6.903646 -1.094167 0.070443 0.034781 0.011445 0.002147
15.600000 111.751313 3.632847 -0.056773 -0.094279 0.039210 -0.000682 6.903545 -1.077558 0.115216 -0.075401 -0.037223 0.002052
15.700000 112.442009 3.527061 -0.059721 -0.099441 0.036114 -0.000226 6.903771 -1.067713 0.119623 0.023479 -0.023044 0.001026
15.800000 113.132674 3.422277 -0.063547 -0.089299 0.032024 0.000224 6.904116 -1.054389 0.112644 0.153532 -0.098032 0.000299
15.900000 113.823649 3.320278 -0.056339 -0.072866 0.013034 0.001709 6.907178 -1.026841 0.176576 0.150017 -0.263654 -0.001397
16.000000 114.514830 3.222582 -0.032623 -0.059881 -0.014741 0.003226 6.912079 -0.986577 0.146865 0.117250 -0.260885 -0.005170
16.100000 115.206018 3.129212 -0.003143 -0.053401 -0.034866 0.003671 6.914302 -0.939710 -0.087097 0.019880 -0.086900 -0.008270
16.200000 115.898113 3.038642 -0.000137 -0.044402 -0.031801 0.002687 6.916352 -0.893988 -0.379742 0.156184 0.098600 -0.008033
16.300000 116.590804 2.951892 -0.014633 -0.023633 -0.021136 0.001614 6.920788 -0.843639 -0.245737 0.240501 0.123684 -0.006027
16.400000 117.283074 2.871662 -0.006705 -0.003354 -0.006833 0.000934 6.921510 -0.772551 0.189013 0.141023 0.154998 -0.004050
16.500000 117.975111 2.798859 0.026935 0.003981 0.007856 0.000637 6.916752 -0.693626 0.379689 0.053732 0.084918 -0.002339
16.600000 118.666928 2.733627 0.037608 0.016165 0.000659 0.000371 6.916861 -0.616282 -0.058212 0.130440 -0.197916 -0.000864
16.700000 119.358622 2.676286 0.028340 0.021646 -0.020084 -0.000081 6.913782 -0.539207 -0.190377 -0.004388 -0.156852 -0.000060
16.800000 120.050135 2.626237 0.027472 0.020738 -0.024590 -0.000160 6.912897 -0.468151 -0.124446 -0.000073 0.060233 0.000359
16.900000 120.741410 2.582708 0.037005 0.020375 -0.017315 0.000019 6.913214 -0.404441 0.057942 -0.022167 0.039486 0.000135
17.000000 121.432439 2.544915 0.060062 0.015749 -0.019155 -0.000010 6.913500 -0.349362 0.138254 -0.072217 -0.054201 -0.000070
17.100000 122.123414 2.512036 0.086259 0.001748 -0.023202 -0.000061 6.913988 -0.308443 0.115639 -0.202967 -0.034872 -0.000057
17.200000 122.814232 2.482404 0.118882 -0.016681 -0.033119 0.000022 6.915386 -0.289163 0.130050 -0.120700 -0.187175 -0.000514
17.300000 123.504791 2.454274 0.158667 -0.021229 -0.058508 0.000464 6.917386 -0.280337 0.064029 0.016927 -0.276820 -0.000881
17.400000 124.194713 2.427183 0.210401 -0.019629 -0.076458 0.000714 6.918424 -0.271509 -0.102392 -0.013148 0.010419 -0.001533
17.500000 124.887170 2.400120 0.227625 -0.024688 -0.057001 0.000151 6.925659 -0.263096 -0.517538 -0.082859 0.316179 -0.000583
17.600000 125.582049 2.372389 0.206309 -0.027647 -0.021712 -0.000783 6.943118 -0.262269 -0.365598 0.051263 0.370831 0.000975
17.700000 126.276930 2.344768 0.187185 -0.015223 0.022825 -0.001655 6.951672 -0.260999 -0.034362 0.176030 0.532092 0.001115
17.800000 126.971666 2.318352 0.167793 0.003980 0.082462 -0.001892 6.941385 -0.238522 0.256065 0.159434 0.529969 0.001044
17.900000 127.663571 2.294783 0.115827 0.012787 0.111982 -0.001432 6.935221 -0.206586 0.107341 0.021283 0.052459 0.003025
18.000000 128.354054 2.274592 0.050316 0.013000 0.104329 -0.001210 6.936022 -0.177050 0.178972 0.027590 -0.113028 0.003171
18.100000 129.046298 2.257310 0.001427 0.021627 0.092413 -0.001090 6.938313 -0.145237 0.151458 0.114818 -0.125008 0.003202
18.200000 129.737724 2.243828 -0.056901 0.029693 0.080673 -0.001085 6.938538 -0.108558 -0.123316 0.029814 -0.106810 0.002995
18.300000 130.427999 2.234634 -0.129104 0.026469 0.073299 -0.001021 6.937149 -0.072392 -0.196735 -0.081271 -0.024642 0.002629
18.400000 131.118491 2.228664 -0.198534 0.017965 0.081406 -0.000600 6.938371 -0.045222 -0.025470 -0.064044 0.096481 0.002240
18.500000 131.811580 2.224445 -0.236289 0.021369 0.079372 -0.000470 6.939627 -0.023966 0.383495 0.119572 -0.148138 0.001531
18.600000 132.507480 2.221835 -0.238407 0.027935 0.052749 -0.000993 6.951768 0.004243 0.441951 -0.062213 -0.357868 0.002060
18.700000 133.204123 2.221401 -0.228614 0.014015 0.013680 -0.001659 6.964640 0.018517 0.202084 -0.146424 -0.404736 0.001732
18.800000 133.900849 2.222253 -0.222168 0.007558 -0.027970 -0.001785 6.965142 0.022907 -0.218427 0.024907 -0.448540 0.003647
18.900000 134.597106 2.223684 -0.211984 0.015568 -0.065481 -0.001723 6.956225 0.026200 -0.166999 0.115480 -0.262873 0.005156
19.000000 135.291714 2.226029 -0.174240 0.028630 -0.073015 -0.001361 6.955083 0.039630 -0.103015 0.114064 0.106780 0.004091
19.100000 135.986762 2.230967 -0.143297 0.036034 -0.053909 -0.000426 6.957885 0.063629 -0.179024 0.065302 0.232683 0.001834
19.200000 136.682522 2.239223 -0.123447 0.049285 -0.036117 0.000345 6.960112 0.095021 0.014687 0.183793 0.084460 -0.000674
19.300000 137.377459 2.250186 -0.080797 0.069121 -0.037059 0.000180 6.960688 0.145228 0.352112 0.169105 -0.057492 -0.000566
19.400000 138.071425 2.264620 -0.011528 0.080254 -0.047448 -0.000620 6.964816 0.205882 0.364687 0.095525 -0.191855 0.000820
19.500000 138.766609 2.286693 0.036252 0.087412 -0.061942 -0.001615 6.966808 0.264319 -0.289037 0.022217 -0.040974 0.003377
19.600000 139.465256 2.319568 0.026824 0.084603 -0.052394 -0.000444 6.972896 0.319206 -0.639802 -0.066608 0.235063 0.002879
19.700000 140.164704 2.358593 0.005433 0.080149 -0.017610 0.002476 6.989780 0.366831 -0.284707 -0.018937 0.425388 -0.002306
19.800000 140.863886 2.400280 0.003363 0.077147 0.025343 0.005280 6.990606 0.409405 0.260349 -0.043822 0.440859 -0.009343
19.900000 141.563086 2.444426 0.014331 0.073018 0.064620 0.007011 6.974325 0.447476 0.342891 -0.097674 0.298828 -0.014947
20.000000 142.259259 2.494351 -0.019681 0.059599 0.079962 0.006467 6.970386 0.475510 -0.008290 -0.128256 0.008113 -0.016386
