0.000000 6.705000 0.000000 -0.442174 0.000000 -0.062186 0.000000 2.266323 0.000000 -0.762438 0.000000 -0.062186 0.000000
0.100000 7.173592 0.000238 -0.397869 0.035757 -0.055416 0.000097 2.727449 0.000083 -0.583321 0.001645 -0.007957 0.000005
0.200000 7.670700 0.004031 -0.348384 0.077329 -0.039692 0.000790 3.222866 0.003964 -0.376551 0.030244 0.047281 -0.000171
0.300000 8.193834 0.016253 -0.325061 0.077589 -0.030838 0.001219 3.744513 0.021640 -0.382209 0.049463 0.025184 -0.002692
0.400000 8.738948 0.035499 -0.313841 0.062042 -0.028526 0.001101 4.289464 0.045714 -0.379377 0.047734 0.019048 -0.004791
0.500000 9.302573 0.058616 -0.298179 0.051772 -0.027378 0.000900 4.853130 0.071455 -0.338418 0.049857 0.029329 -0.005732
0.600000 9.882264 0.084456 -0.281609 0.048701 -0.022543 0.000912 5.432677 0.100247 -0.302000 0.060303 0.033399 -0.006875
0.700000 10.475962 0.112689 -0.269986 0.046782 -0.016932 0.000953 6.026246 0.132028 -0.272013 0.072747 0.036005 -0.008276
0.800000 11.081715 0.142818 -0.261158 0.046252 -0.014146 0.000851 6.632171 0.166026 -0.244808 0.082977 0.041482 -0.009722
0.900000 11.697798 0.174343 -0.249814 0.045540 -0.012046 0.000737 7.248766 0.200589 -0.208263 0.084395 0.050756 -0.010956
1.000000 12.322823 0.207100 -0.237895 0.041437 -0.008172 0.000721 7.874076 0.236160 -0.177561 0.078556 0.055339 -0.012331
1.100000 12.955622 0.240860 -0.231218 0.038882 -0.005961 0.000635 8.507096 0.271846 -0.159701 0.070675 0.058171 -0.013273
1.200000 13.595141 0.275380 -0.231304 0.041330 -0.003802 0.000563 9.147140 0.306367 -0.141650 0.061340 0.064206 -0.013388
1.300000 14.240435 0.310576 -0.232259 0.045279 0.001690 0.000651 9.792553 0.340334 -0.127058 0.046159 0.065692 -0.013222
1.400000 14.890708 0.346601 -0.232077 0.044425 0.007051 0.000728 10.442835 0.374082 -0.115183 0.036186 0.065557 -0.012466
1.500000 15.545234 0.383593 -0.237599 0.040358 0.013885 0.000839 11.097695 0.408320 -0.101015 0.035779 0.067542 -0.011341
1.600000 16.203369 0.421213 -0.250834 0.039322 0.022569 0.000976 11.756337 0.443464 -0.091165 0.034717 0.069190 -0.010381
1.700000 16.864645 0.459152 -0.267473 0.042149 0.027942 0.000953 12.418154 0.479725 -0.090716 0.035307 0.071479 -0.009586
1.800000 17.528806 0.497266 -0.280072 0.041421 0.029200 0.000773 13.083262 0.516845 -0.084583 0.039946 0.078688 -0.008865
1.900000 18.195462 0.535464 -0.289185 0.037855 0.029440 0.000590 13.750979 0.554796 -0.076395 0.043901 0.086283 -0.008493
2.000000 18.864070 0.573750 -0.302241 0.038373 0.025946 0.000313 14.420558 0.593218 -0.080362 0.040632 0.093956 -0.008342
2.100000 19.534557 0.611822 -0.311272 0.039089 0.016341 -0.000130 15.093036 0.631053 -0.080636 0.035663 0.107698 -0.007893
2.200000 20.206694 0.649634 -0.313718 0.037759 0.007833 -0.000431 15.767091 0.668675 -0.079058 0.035977 0.118185 -0.007501
2.300000 20.880189 0.687157 -0.311655 0.036110 0.001537 -0.000565 16.440821 0.706653 -0.088087 0.038417 0.119552 -0.007524
2.400000 21.554827 0.724309 -0.304411 0.041287 -0.008987 -0.000818 17.116173 0.744507 -0.098264 0.038583 0.122349 -0.007584
2.500000 22.230358 0.761351 -0.288729 0.043468 -0.019680 -0.001057 17.792238 0.782369 -0.104718 0.038106 0.123175 -0.007724
2.600000 22.906714 0.798702 -0.271326 0.037974 -0.023680 -0.000974 18.466858 0.820666 -0.115811 0.039965 0.114291 -0.008195
2.700000 23.584034 0.836370 -0.264271 0.033569 -0.022662 -0.000706 19.141982 0.859148 -0.130637 0.043280 0.103314 -0.008763
2.800000 24.262041 0.873730 -0.260008 0.036087 -0.016548 -0.000325 19.818199 0.896684 -0.131984 0.042029 0.094555 -0.009249
2.900000 24.940513 0.910770 -0.252245 0.037164 -0.005113 0.000171 20.494195 0.933839 -0.131416 0.041117 0.079680 -0.009813
3.000000 25.619432 0.947851 -0.249754 0.028478 0.010175 0.000663 21.171090 0.971298 -0.136925 0.043907 0.060541 -0.010419
3.100000 26.298603 0.984437 -0.261532 0.016260 0.021631 0.000817 21.850096 1.007615 -0.138430 0.042340 0.053577 -0.010481
3.200000 26.977944 1.019341 -0.282094 0.012827 0.029719 0.000759 22.530089 1.041512 -0.135191 0.038503 0.056157 -0.010043
3.300000 27.657578 1.052211 -0.302825 0.014084 0.037737 0.000682 23.210747 1.073337 -0.126904 0.040078 0.061166 -0.009462
3.400000 28.337365 1.083267 -0.326137 0.008162 0.042247 0.000572 23.891994 1.103590 -0.117230 0.045935 0.071529 -0.008876
3.500000 29.017165 1.112161 -0.354496 -0.002151 0.044556 0.000445 24.574275 1.131520 -0.102809 0.046002 0.088576 -0.008317
3.600000 29.697059 1.138185 -0.385115 -0.006724 0.046234 0.000331 25.256604 1.156886 -0.099660 0.039423 0.102199 -0.008042
3.700000 30.377071 1.161148 -0.416826 -0.007316 0.047312 0.000241 25.938685 1.179121 -0.106567 0.033101 0.112372 -0.007752
3.800000 31.057152 1.181255 -0.450164 -0.007222 0.049821 0.000162 26.620752 1.198349 -0.116525 0.029052 0.120450 -0.007359
3.900000 31.737547 1.198813 -0.479762 -0.007868 0.048505 0.000130 27.301807 1.214578 -0.141135 0.018701 0.124062 -0.006931
4.000000 32.418412 1.214019 -0.501903 -0.010567 0.041626 0.000154 27.983434 1.227315 -0.165001 0.005923 0.130284 -0.006090
4.100000 33.099399 1.226757 -0.523328 -0.018017 0.036453 0.000176 28.665133 1.236876 -0.187577 -0.004180 0.135032 -0.004872
4.200000 33.780340 1.236612 -0.547925 -0.020441 0.031154 0.000229 29.346496 1.243635 -0.216922 -0.004242 0.138273 -0.003518
4.300000 34.461338 1.243658 -0.572342 -0.019427 0.025334 0.000287 30.028291 1.248318 -0.244710 -0.001542 0.142676 -0.002448
4.400000 35.142665 1.248402 -0.586058 -0.022298 0.023907 0.000249 30.709101 1.251357 -0.265158 -0.004206 0.141064 -0.001684
4.500000 35.824224 1.250746 -0.592184 -0.031021 0.019568 0.000293 31.388611 1.252021 -0.296536 -0.005730 0.133986 -0.000994
4.600000 36.505779 1.249926 -0.600668 -0.038873 0.014475 0.000382 32.068999 1.249667 -0.325052 -0.007250 0.130060 -0.000417
4.700000 37.187370 1.245673 -0.608374 -0.039674 0.009296 0.000487 32.749847 1.243753 -0.349885 -0.012040 0.127544 0.000138
4.800000 37.869042 1.238401 -0.609805 -0.039433 0.000811 0.000695 33.430411 1.234499 -0.379890 -0.014030 0.123191 0.000787
4.900000 38.550744 1.228451 -0.603667 -0.042256 -0.004463 0.000736 34.111415 1.222905 -0.392636 -0.017987 0.119973 0.001414
5.000000 39.232489 1.215323 -0.602974 -0.044837 -0.002338 0.000470 34.791520 1.208365 -0.404030 -0.024198 0.112314 0.002202
5.100000 39.914268 1.198977 -0.609838 -0.043257 0.000017 0.000248 35.471663 1.190059 -0.424113 -0.031050 0.103911 0.003180
5.200000 40.596059 1.180456 -0.610125 -0.036871 0.002081 0.000097 36.152382 1.169627 -0.433144 -0.031289 0.097843 0.004193
5.300000 41.277876 1.160661 -0.598951 -0.033496 0.002131 0.000064 36.832645 1.147887 -0.443196 -0.030645 0.088164 0.005119
5.400000 41.959708 1.139761 -0.584892 -0.030659 -0.003632 0.000228 37.513725 1.125157 -0.453763 -0.034372 0.082850 0.005706
5.500000 42.641525 1.118001 -0.572672 -0.025097 -0.017251 0.000556 38.196970 1.101930 -0.455543 -0.041121 0.090328 0.005907
5.600000 43.323194 1.096200 -0.552188 -0.021436 -0.032581 0.000795 38.880799 1.078380 -0.452018 -0.047905 0.098202 0.006327
5.700000 44.004690 1.074620 -0.525939 -0.021067 -0.042414 0.000820 39.563623 1.054890 -0.441688 -0.048906 0.100966 0.007150
5.800000 44.686290 1.053142 -0.501967 -0.019562 -0.044089 0.000660 40.244816 1.031778 -0.428808 -0.045901 0.097635 0.008113
5.900000 45.368072 1.031861 -0.482116 -0.015404 -0.040731 0.000439 40.924882 1.009093 -0.420658 -0.045064 0.088920 0.008985
6.000000 46.049739 1.011188 -0.459505 -0.015299 -0.032457 0.000203 41.603586 0.987012 -0.417571 -0.041456 0.071678 0.009924
6.100000 46.731606 0.990970 -0.443610 -0.015363 -0.018074 -0.000067 42.282776 0.966630 -0.414297 -0.032217 0.051388 0.010446
6.200000 47.413613 0.971141 -0.434979 -0.014068 -0.006807 -0.000225 42.963688 0.948281 -0.411833 -0.025033 0.037180 0.010075
6.300000 48.095667 0.951780 -0.433274 -0.012933 0.000859 -0.000279 43.645581 0.931554 -0.398206 -0.019873 0.034807 0.009040
6.400000 48.777715 0.932928 -0.438190 -0.014528 0.012324 -0.000363 44.327754 0.915886 -0.378628 -0.011713 0.034272 0.007846
6.500000 49.459635 0.914370 -0.452885 -0.014156 0.022116 -0.000414 45.010264 0.900446 -0.358034 -0.010401 0.040318 0.006514
6.600000 50.141466 0.896201 -0.472421 -0.009079 0.028661 -0.000398 45.693392 0.884623 -0.329432 -0.015898 0.055470 0.005329
6.700000 50.823461 0.878950 -0.486358 -0.002464 0.033411 -0.000342 46.376853 0.868540 -0.305436 -0.020812 0.067828 0.004649
6.800000 51.505552 0.863082 -0.497352 0.000710 0.030702 -0.000263 47.059935 0.853182 -0.300115 -0.020484 0.077967 0.004346
6.900000 52.187721 0.848711 -0.505752 -0.003102 0.020843 -0.000193 47.744267 0.839460 -0.290033 -0.020595 0.096358 0.003984
7.000000 52.869935 0.835442 -0.512034 -0.003451 0.009570 -0.000109 48.429146 0.826610 -0.285635 -0.018785 0.112672 0.003750
7.100000 53.552161 0.823159 -0.517113 0.002024 -0.000031 -0.000060 49.112960 0.814810 -0.294789 -0.011342 0.120597 0.003632
7.200000 54.234386 0.812226 -0.518995 0.007054 -0.005599 -0.000055 49.796687 0.805024 -0.295039 -0.003656 0.127013 0.003260
7.300000 54.916588 0.802904 -0.516471 0.005828 -0.005964 -0.000040 50.477885 0.796901 -0.302861 -0.003358 0.122678 0.002705
7.400000 55.598762 0.794993 -0.509330 0.005786 -0.006062 -0.000030 51.157510 0.789547 -0.322166 -0.009205 0.110757 0.002321
7.500000 56.280906 0.788407 -0.497647 0.012888 -0.009669 -0.000053 51.837832 0.782867 -0.340455 -0.012729 0.100815 0.002315
7.600000 56.963026 0.783595 -0.482720 0.017993 -0.015515 -0.000118 52.518890 0.778141 -0.354435 -0.008079 0.093641 0.002434
7.700000 57.645240 0.780967 -0.473690 0.017387 -0.017681 -0.000126 53.200213 0.776510 -0.363943 0.004090 0.087434 0.002230
7.800000 58.327516 0.780284 -0.468258 0.017921 -0.017576 -0.000094 53.882058 0.777652 -0.364676 0.010238 0.084532 0.001492
7.900000 59.009733 0.781330 -0.459399 0.024052 -0.016127 -0.000042 54.564085 0.780212 -0.354648 0.005854 0.083591 0.000665
8.000000 59.691863 0.784402 -0.445084 0.030475 -0.011391 0.000090 55.245302 0.784181 -0.342280 0.005832 0.077900 0.000125
8.100000 60.374019 0.790078 -0.433936 0.032240 -0.008175 0.000164 55.926469 0.790795 -0.340854 0.009006 0.070232 -0.000313
8.200000 61.056256 0.798556 -0.432725 0.035494 -0.005439 0.000215 56.608514 0.799955 -0.336557 0.007498 0.068854 -0.000703
8.300000 61.738513 0.809663 -0.433787 0.041179 -0.001354 0.000309 57.290678 0.811183 -0.329730 0.004387 0.068283 -0.000915
8.400000 62.420762 0.823356 -0.429845 0.043554 0.000302 0.000301 57.973010 0.825317 -0.320346 0.010242 0.069067 -0.000991
8.500000 63.103010 0.839597 -0.421755 0.041218 0.000254 0.000226 58.655733 0.842946 -0.303164 0.022472 0.073229 -0.001301
8.600000 63.785259 0.858224 -0.415695 0.041481 -0.001026 0.000119 59.338474 0.863833 -0.291186 0.030025 0.077206 -0.002066
8.700000 64.467514 0.879299 -0.416844 0.047335 -0.003211 -0.000002 60.021347 0.887235 -0.287178 0.031360 0.081760 -0.002973
8.800000 65.149775 0.902851 -0.419816 0.049355 -0.001162 0.000093 60.704319 0.912369 -0.274484 0.032520 0.086781 -0.003764
8.900000 65.832032 0.928673 -0.420789 0.047937 0.003866 0.000310 61.386449 0.939722 -0.266499 0.034964 0.085735 -0.004630
9.000000 66.514271 0.956637 -0.424561 0.044374 0.011215 0.000575 62.068237 0.969079 -0.262988 0.036196 0.081573 -0.005505
9.100000 67.196420 0.986454 -0.435723 0.043032 0.020819 0.000854 62.750333 0.999733 -0.259395 0.035478 0.078513 -0.006180
9.200000 67.878462 1.017761 -0.452645 0.044495 0.027696 0.000944 63.432362 1.032296 -0.267863 0.041395 0.075361 -0.006723
9.300000 68.560653 1.050085 -0.464263 0.048448 0.028466 0.000752 64.115036 1.066376 -0.270353 0.049487 0.078709 -0.007164
9.400000 69.242957 1.083612 -0.471906 0.044104 0.027230 0.000508 64.798210 1.101551 -0.265711 0.050058 0.085530 -0.007655
9.500000 69.925048 1.118314 -0.487442 0.032665 0.025724 0.000316 65.481594 1.137237 -0.265025 0.046919 0.094420 -0.007974
9.600000 70.606788 1.153258 -0.516459 0.026236 0.027763 0.000286 66.165489 1.172334 -0.264250 0.047475 0.105869 -0.008009
9.700000 71.288476 1.187510 -0.548007 0.027222 0.036253 0.000431 66.849019 1.206992 -0.263073 0.050083 0.112097 -0.008294
9.800000 71.970741 1.220635 -0.563844 0.025597 0.039751 0.000421 67.531289 1.241642 -0.274419 0.050531 0.110580 -0.008967
9.900000 72.653498 1.252635 -0.567157 0.019878 0.034809 0.000210 68.213979 1.275050 -0.285143 0.051244 0.112238 -0.009378
10.000000 73.336148 1.283496 -0.574018 0.015662 0.023559 -0.000048 68.896875 1.306651 -0.306893 0.047325 0.116922 -0.009534
10.100000 74.018675 1.312933 -0.585763 0.010954 0.005191 -0.000303 69.581472 1.335658 -0.333929 0.043460 0.128682 -0.009168
10.200000 74.701174 1.340541 -0.592719 0.007109 -0.008713 -0.000384 70.267155 1.362378 -0.344869 0.042790 0.141052 -0.008706
10.300000 75.383560 1.366104 -0.584753 0.008666 -0.011335 -0.000320 70.948727 1.388213 -0.350074 0.040447 0.137729 -0.008939
10.400000 76.065917 1.390016 -0.574081 0.011570 -0.011963 -0.000249 71.628118 1.412358 -0.367383 0.031524 0.125636 -0.009283
10.500000 76.748297 1.412691 -0.565456 0.009408 -0.012086 -0.000188 72.307855 1.433529 -0.385321 0.016472 0.113692 -0.008950
10.600000 77.430725 1.434084 -0.560984 0.004445 -0.008807 -0.000118 72.987146 1.452007 -0.408777 0.006705 0.097678 -0.007880
10.700000 78.113210 1.453886 -0.562777 0.000764 -0.002822 -0.000067 73.667073 1.468570 -0.432244 0.005896 0.081769 -0.006471
10.800000 78.795701 1.471876 -0.564691 -0.002463 0.003250 -0.000047 74.348850 1.484079 -0.432395 0.011027 0.076403 -0.005263
10.900000 79.478192 1.487916 -0.565600 -0.006291 0.009265 -0.000053 75.030830 1.498905 -0.430703 0.016476 0.071475 -0.004597
11.000000 80.160653 1.501839 -0.569249 -0.007982 0.014272 -0.000070 75.713018 1.512415 -0.431200 0.018100 0.067823 -0.004360
11.100000 80.843093 1.513694 -0.574602 -0.007322 0.012256 -0.000037 76.396056 1.523339 -0.428113 0.012428 0.073692 -0.004085
11.200000 81.525644 1.523812 -0.570097 -0.005926 0.002305 0.000039 77.079926 1.532032 -0.420947 0.007787 0.085001 -0.003612
11.300000 82.208226 1.532462 -0.558554 -0.004293 -0.008705 0.000092 77.764069 1.539266 -0.412860 0.005282 0.094619 -0.003075
11.400000 82.890810 1.539913 -0.546275 -0.002189 -0.019348 0.000111 78.448332 1.545391 -0.407319 0.002409 0.102379 -0.002551
11.500000 83.573422 1.546421 -0.535794 -0.003315 -0.028778 0.000109 79.132822 1.550530 -0.402059 -0.001915 0.109597 -0.002016
11.600000 84.255813 1.552049 -0.517813 -0.002273 -0.031931 0.000092 79.814722 1.554742 -0.399116 -0.004429 0.105974 -0.001405
11.700000 84.938097 1.556990 -0.496390 0.003251 -0.029633 0.000070 80.494567 1.558192 -0.401092 -0.006808 0.093020 -0.000752
11.800000 85.620475 1.561788 -0.478162 0.009243 -0.025692 0.000070 81.174892 1.561344 -0.400938 -0.011215 0.080822 -0.000093
11.900000 86.302931 1.566999 -0.463063 0.011954 -0.021724 0.000090 81.855826 1.564645 -0.400523 -0.015349 0.070141 0.000670
12.000000 86.985502 1.572882 -0.453279 0.012820 -0.014873 0.000148 82.536914 1.568658 -0.402657 -0.014390 0.057796 0.001476
12.100000 87.668124 1.579490 -0.446693 0.017359 -0.007537 0.000211 83.218797 1.574432 -0.395811 -0.007103 0.050477 0.001935
12.200000 88.350761 1.587148 -0.442136 0.022783 -0.002708 0.000247 83.901468 1.582529 -0.377565 0.000457 0.051778 0.001850
12.300000 89.033402 1.596204 -0.438904 0.023866 0.002371 0.000299 84.584165 1.592577 -0.361104 0.003580 0.052616 0.001409
12.400000 89.716036 1.606708 -0.438210 0.025696 0.004682 0.000280 85.267014 1.604130 -0.349459 0.001782 0.055230 0.000918
12.500000 90.398677 1.618579 -0.435858 0.027838 0.001181 0.000122 85.950640 1.616933 -0.330323 -0.000630 0.066381 0.000609
12.600000 91.081323 1.631783 -0.428757 0.028791 -0.003446 -0.000037 86.634455 1.630719 -0.311207 -0.002149 0.076518 0.000477
12.700000 91.763982 1.646413 -0.423389 0.025607 -0.006484 -0.000116 87.317785 1.645830 -0.301876 0.001815 0.081398 0.000418
12.800000 92.446670 1.662157 -0.422895 0.022108 -0.007956 -0.000127 88.001426 1.662297 -0.290379 0.007735 0.087881 0.000219
12.900000 93.129346 1.678442 -0.420806 0.019532 -0.007055 -0.000080 88.684491 1.679729 -0.280446 0.013673 0.090521 -0.000231
13.000000 93.811981 1.694892 -0.412896 0.017731 -0.005471 -0.000030 89.366382 1.698088 -0.279561 0.021244 0.085724 -0.000996
13.100000 94.494602 1.711387 -0.402804 0.016554 -0.005191 -0.000016 90.048458 1.717106 -0.277382 0.029441 0.081849 -0.001991
13.200000 95.177237 1.727889 -0.395116 0.015720 -0.007250 -0.000044 90.730892 1.736105 -0.278178 0.030201 0.080093 -0.003080
13.300000 95.859877 1.744292 -0.388414 0.014297 -0.011157 -0.000092 91.413836 1.754102 -0.276669 0.025490 0.081709 -0.003847
13.400000 96.542495 1.760440 -0.379864 0.013127 -0.013889 -0.000109 92.096783 1.771260 -0.270295 0.026297 0.083496 -0.004273
13.500000 97.225088 1.776245 -0.369443 0.012203 -0.013993 -0.000085 92.779466 1.787678 -0.258819 0.024661 0.084081 -0.004607
13.600000 97.907724 1.791715 -0.362109 0.011085 -0.011633 -0.000037 93.461813 1.803201 -0.249686 0.018978 0.082503 -0.004792
13.700000 98.590386 1.806756 -0.356971 0.008400 -0.008058 0.000009 94.143859 1.817827 -0.245356 0.015744 0.078508 -0.004714
13.800000 99.273054 1.821151 -0.352552 0.005446 -0.004368 0.000036 94.825958 1.831604 -0.241763 0.014722 0.074389 -0.004481
13.900000 99.955723 1.834687 -0.348271 0.002877 -0.000780 0.000046 95.508098 1.844381 -0.239069 0.011922 0.070030 -0.004202
14.000000 100.638393 1.847196 -0.346680 -0.001097 0.001679 0.000042 96.190690 1.856086 -0.233509 0.012045 0.069333 -0.003830
14.100000 101.321059 1.858409 -0.347921 -0.005516 0.002841 0.000030 96.873679 1.866723 -0.225878 0.014539 0.072171 -0.003509
14.200000 102.003725 1.868043 -0.349040 -0.009408 0.003139 0.000022 97.556820 1.876142 -0.217630 0.016851 0.076113 -0.003357
14.300000 102.686382 1.875857 -0.352848 -0.012831 0.005838 -0.000013 98.240006 1.883917 -0.206775 0.015546 0.080018 -0.003331
14.400000 103.369010 1.881657 -0.361569 -0.017297 0.011099 -0.000080 98.922969 1.889599 -0.199837 0.011664 0.081775 -0.003287
14.500000 104.051604 1.885225 -0.373467 -0.021896 0.016122 -0.000151 99.605818 1.892692 -0.198828 0.007413 0.082527 -0.003084
14.600000 104.734236 1.886456 -0.383315 -0.024943 0.020069 -0.000201 100.288794 1.893057 -0.196893 0.003700 0.083862 -0.002715
14.700000 105.416900 1.885274 -0.391358 -0.028334 0.022151 -0.000204 100.971578 1.890540 -0.199868 -0.002017 0.084045 -0.002220
14.800000 106.099499 1.881483 -0.402296 -0.031599 0.020587 -0.000108 101.654704 1.884969 -0.205202 -0.005818 0.088174 -0.001587
14.900000 106.782124 1.875164 -0.411866 -0.032366 0.015909 0.000066 102.338394 1.876765 -0.207894 -0.007667 0.096045 -0.000945
15.000000 107.464787 1.866528 -0.419011 -0.031135 0.011122 0.000203 103.022109 1.866306 -0.210750 -0.011412 0.102857 -0.000333
15.100000 108.147495 1.855925 -0.422197 -0.032108 0.007291 0.000275 103.705507 1.853964 -0.213505 -0.014595 0.106948 0.000321
15.200000 108.830215 1.843373 -0.424173 -0.035020 0.003327 0.000337 104.388728 1.839703 -0.218198 -0.017177 0.109746 0.000982
15.300000 109.512938 1.828837 -0.424888 -0.034851 0.001013 0.000335 105.071344 1.823383 -0.225198 -0.022060 0.109244 0.001698
15.400000 110.195659 1.812379 -0.428327 -0.032346 0.002960 0.000191 105.753081 1.805031 -0.235750 -0.027497 0.104031 0.002595
15.500000 110.878366 1.794313 -0.436847 -0.029891 0.008333 -0.000022 106.434771 1.785080 -0.245663 -0.031356 0.097933 0.003590
15.600000 111.561089 1.775168 -0.444182 -0.030906 0.013175 -0.000165 107.116730 1.764025 -0.253952 -0.033981 0.092578 0.004547
15.700000 112.243867 1.755076 -0.447307 -0.032900 0.015533 -0.000202 107.798876 1.742019 -0.261984 -0.036262 0.087956 0.005406
15.800000 112.926643 1.733845 -0.450383 -0.033636 0.016241 -0.000177 108.481385 1.719228 -0.267966 -0.036571 0.085920 0.006081
15.900000 113.609370 1.711429 -0.456435 -0.031616 0.012393 -0.000010 109.164622 1.695922 -0.273422 -0.033645 0.090100 0.006375
16.000000 114.292116 1.688281 -0.460522 -0.027162 0.005581 0.000197 109.848515 1.672539 -0.275471 -0.030151 0.097948 0.006345
16.100000 114.974889 1.664932 -0.460195 -0.023174 0.001269 0.000270 110.532204 1.649310 -0.273062 -0.028985 0.103278 0.006242
16.200000 115.657659 1.641595 -0.463789 -0.017769 0.003135 0.000175 111.215139 1.626043 -0.270638 -0.031722 0.104111 0.006253
16.300000 116.340406 1.618701 -0.474979 -0.011338 0.008480 0.000048 111.897687 1.602849 -0.273102 -0.035079 0.102635 0.006450
16.400000 117.023181 1.596956 -0.484209 -0.002905 0.013323 -0.000017 112.579875 1.580180 -0.280286 -0.038210 0.098637 0.006871
16.500000 117.706086 1.577025 -0.483494 0.003568 0.014102 -0.000023 113.261931 1.559076 -0.289386 -0.038891 0.093392 0.007393
16.600000 118.389028 1.559311 -0.480280 0.008105 0.011361 -0.000034 113.944277 1.540667 -0.299581 -0.037010 0.090097 0.007755
16.700000 119.071900 1.544082 -0.483394 0.012116 0.003768 -0.000096 114.627686 1.525840 -0.310493 -0.035104 0.094275 0.007676
16.800000 119.754758 1.531403 -0.486930 0.012889 -0.005368 -0.000181 115.312215 1.514075 -0.313579 -0.035326 0.103767 0.007349
16.900000 120.437575 1.521013 -0.483141 0.010327 -0.009275 -0.000187 115.995707 1.504320 -0.311358 -0.027253 0.107033 0.007229
17.000000 121.120346 1.512500 -0.474153 0.006946 -0.009559 -0.000146 116.677820 1.496856 -0.310655 -0.016106 0.103565 0.006931
17.100000 121.803121 1.505458 -0.465453 0.006204 -0.010677 -0.000117 117.359999 1.491754 -0.311841 -0.008891 0.100215 0.006162
17.200000 122.485887 1.499623 -0.456025 0.002104 -0.012095 -0.000095 118.041547 1.488585 -0.321698 0.001338 0.092908 0.005130
17.300000 123.168608 1.494506 -0.442870 -0.004226 -0.015174 -0.000071 118.723301 1.486943 -0.330429 0.012458 0.086108 0.003749
17.400000 123.851307 1.489501 -0.428212 -0.007560 -0.019186 -0.000034 119.405635 1.485692 -0.332633 0.018771 0.082535 0.002134
17.500000 124.534099 1.484265 -0.418221 -0.007346 -0.017948 -0.000036 120.088219 1.483746 -0.322326 0.018005 0.081423 0.000629
17.600000 125.217117 1.478732 -0.421111 -0.008407 -0.008633 -0.000095 120.770152 1.481079 -0.318169 0.017547 0.075160 -0.000619
17.700000 125.900182 1.472896 -0.427204 -0.009899 0.002994 -0.000173 121.452437 1.477145 -0.311779 0.012604 0.069019 -0.001499
17.800000 126.583237 1.466691 -0.434316 -0.007685 0.017246 -0.000263 122.135124 1.471502 -0.302072 0.003124 0.062181 -0.001849
17.900000 127.266228 1.460361 -0.444411 -0.002042 0.031360 -0.000292 122.818165 1.464374 -0.299352 -0.004142 0.053673 -0.001602
18.000000 127.948938 1.454390 -0.463667 0.001129 0.035673 -0.000241 123.501326 1.457054 -0.305229 -0.005233 0.055358 -0.001066
18.100000 128.631711 1.449044 -0.481117 0.000671 0.032222 -0.000187 124.185221 1.450546 -0.298115 -0.005876 0.069980 -0.000607
18.200000 129.314632 1.444257 -0.494184 0.000916 0.027621 -0.000144 124.869685 1.444735 -0.289296 -0.007347 0.084565 -0.000217
18.300000 129.997478 1.440042 -0.510065 0.004611 0.022362 -0.000117 125.554759 1.439742 -0.282271 -0.007179 0.100298 0.000112
18.400000 130.680251 1.436649 -0.529101 0.006193 0.019300 -0.000100 126.240500 1.435803 -0.273083 -0.006490 0.116232 0.000358
18.500000 131.363079 1.434092 -0.545221 0.003375 0.019845 -0.000073 126.924355 1.432657 -0.277867 -0.006625 0.120829 0.000594
18.600000 132.046110 1.432090 -0.551035 0.004037 0.017539 -0.000061 127.606702 1.430089 -0.294714 -0.007264 0.118161 0.000828
18.700000 132.729285 1.430639 -0.548805 0.006928 0.010395 -0.000080 128.289573 1.428308 -0.309307 -0.006402 0.117787 0.001013
18.800000 133.412463 1.429942 -0.547366 0.006784 0.002724 -0.000111 128.972105 1.427842 -0.330558 0.000136 0.115285 0.001070
18.900000 134.095629 1.429942 -0.548545 0.005348 -0.005986 -0.000138 129.655113 1.428797 -0.353219 0.006858 0.114388 0.000798
19.000000 134.778753 1.430445 -0.545333 0.008184 -0.013882 -0.000150 130.338940 1.430570 -0.362205 0.009508 0.116883 0.000285
19.100000 135.461804 1.431629 -0.536163 0.012662 -0.013286 -0.000101 131.020958 1.432928 -0.362390 0.008935 0.112024 -0.000309
19.200000 136.144900 1.433910 -0.530708 0.015099 -0.007983 -0.000007 131.701403 1.436189 -0.374527 0.009251 0.098643 -0.000843
19.300000 136.828031 1.437444 -0.528819 0.018199 -0.004949 0.000042 132.382875 1.440301 -0.387667 0.006683 0.088743 -0.001205
19.400000 137.511120 1.442198 -0.518483 0.022536 -0.006094 0.000010 133.064988 1.445053 -0.394981 0.001024 0.081904 -0.001284
19.500000 138.194172 1.448455 -0.501569 0.026535 -0.009486 -0.000073 133.747186 1.450818 -0.401249 -0.002173 0.074842 -0.001040
19.600000 138.877303 1.456735 -0.491850 0.027170 -0.013433 -0.000157 134.430427 1.458820 -0.400194 0.002448 0.074921 -0.000736
19.700000 139.560609 1.467099 -0.495716 0.025348 -0.011156 -0.000065 135.114122 1.469014 -0.391041 0.006496 0.078509 -0.000673
19.800000 140.243956 1.478924 -0.501954 0.022638 -0.003338 0.000138 135.797316 1.480917 -0.380205 0.010061 0.078310 -0.000843
19.900000 140.927274 1.491544 -0.498952 0.019278 0.005104 0.000290 136.480055 1.494375 -0.368953 0.016420 0.073478 -0.001251
20.000000 141.610583 1.504747 -0.494348 0.017302 0.013374 0.000378 137.162877 1.509117 -0.358834 0.022185 0.067584 -0.001922
