0.000000 2.382044 0.000000 -0.743043 0.000000 -0.229881 0.000000 4.545455 0.000000 0.000000 0.000000 0.000000 0.000000
0.100000 2.816348 0.000059 -0.529590 0.000341 -0.175984 0.000001 4.818774 0.008786 2.453131 0.058021 1.041244 -0.000227
0.200000 3.265427 -0.002740 -0.167823 0.070673 -0.084408 0.000290 5.131911 0.335658 1.854307 1.229944 0.346476 -0.035981
0.300000 3.779251 0.029700 -0.046930 0.169593 -0.116627 -0.009292 5.410854 0.652913 -0.504612 0.524328 -0.700040 -0.050153
0.400000 4.331978 0.114515 -0.004700 0.185812 -0.165173 -0.023626 5.577933 0.916774 0.145376 -0.048335 -0.176222 -0.048440
0.500000 4.886424 0.215004 0.109020 0.200313 -0.156658 -0.026228 5.726099 1.096720 0.700248 0.345814 0.280566 -0.039724
0.600000 5.448256 0.317760 0.275798 0.237916 -0.123391 -0.023807 5.873029 1.212655 1.029517 0.393614 0.244606 -0.059631
0.700000 6.030149 0.434400 0.416529 0.282257 -0.105658 -0.026288 6.000739 1.312764 0.536094 0.472273 0.182549 -0.078078
0.800000 6.625138 0.554667 0.544446 0.315210 -0.073669 -0.025455 6.100566 1.394392 0.899471 0.149041 0.426194 -0.097400
0.900000 7.231179 0.671356 0.700442 0.312946 -0.031526 -0.022595 6.198481 1.448817 0.932441 -0.183042 0.308992 -0.108223
1.000000 7.850387 0.800844 0.833122 0.283822 -0.007743 -0.026105 6.284068 1.442566 0.705165 -0.338569 0.162940 -0.096022
1.100000 8.479776 0.934744 0.930717 0.249265 0.009744 -0.029987 6.354485 1.391626 0.370994 -0.431432 0.143938 -0.070563
1.200000 9.117216 1.067666 0.994735 0.189081 0.019536 -0.033331 6.423249 1.309570 0.228449 -0.689324 -0.015857 -0.037621
1.300000 9.761107 1.197626 1.035525 0.128013 0.005711 -0.037256 6.484839 1.249434 0.227109 -0.459865 -0.219148 0.001211
1.400000 10.411325 1.321049 1.072778 0.100602 -0.008012 -0.037055 6.517713 1.218963 0.423079 -0.125019 -0.006118 0.030308
1.500000 11.064243 1.441268 1.124891 0.092720 0.003021 -0.032604 6.548078 1.217018 0.758242 -0.079071 0.186699 0.033945
1.600000 11.722118 1.560741 1.176044 0.073274 0.016115 -0.028261 6.587440 1.217262 0.735825 -0.285930 0.108888 0.031227
1.700000 12.383941 1.681514 1.209145 0.050166 0.028114 -0.024257 6.615574 1.234103 0.624881 -0.075929 0.124976 0.034020
1.800000 13.048344 1.805251 1.237193 0.055371 0.046158 -0.020189 6.633418 1.275891 0.878109 0.128560 0.245649 0.026354
1.900000 13.715380 1.932378 1.261770 0.062460 0.068167 -0.016915 6.657249 1.315731 0.444374 -0.013828 0.184132 0.013335
2.000000 14.382168 2.067464 1.247637 0.054573 0.090287 -0.014574 6.671368 1.339602 0.215991 -0.106330 0.319794 0.008662
2.100000 15.057536 2.204787 1.272584 0.058981 0.138220 -0.011324 6.680313 1.378146 0.749128 0.248643 0.555040 0.001208
2.200000 15.738932 2.339586 1.313135 0.089504 0.172892 -0.009727 6.719265 1.422521 0.023173 0.236743 0.084924 -0.017513
2.300000 16.413229 2.482296 1.288905 0.101991 0.174738 -0.011774 6.738762 1.442181 -0.420879 0.059303 0.072331 -0.024224
2.400000 17.098008 2.626354 1.287089 0.108553 0.194873 -0.012158 6.754976 1.446741 -0.277065 0.129578 0.261888 -0.026109
2.500000 17.781510 2.767652 1.292413 0.124723 0.201044 -0.014364 6.788498 1.435549 -0.763409 0.244662 -0.143425 -0.029073
2.600000 18.452445 2.910060 1.277699 0.153495 0.176362 -0.020827 6.805544 1.413488 -0.893459 0.311106 -0.296759 -0.027455
2.700000 19.126645 3.054329 1.260033 0.180580 0.154152 -0.027347 6.812308 1.399460 -0.628502 0.243016 -0.165061 -0.026523
2.800000 19.798538 3.197246 1.272282 0.192151 0.124762 -0.035616 6.835793 1.379794 -0.322888 -0.009100 -0.482858 -0.020991
2.900000 20.469673 3.343797 1.278109 0.179731 0.062481 -0.048524 6.855857 1.325834 -0.179531 -0.207654 -0.758843 0.003178
3.000000 21.158959 3.488588 1.251996 0.158269 -0.005465 -0.058006 6.857647 1.265508 0.231464 -0.195527 -0.478311 0.039528
3.100000 21.851502 3.618197 1.239916 0.143973 -0.025668 -0.055852 6.843310 1.245540 0.954252 -0.080694 0.031221 0.059695
3.200000 22.541438 3.740219 1.249154 0.135670 -0.020333 -0.049220 6.831696 1.267453 1.072231 -0.084080 0.064054 0.054547
3.300000 23.220379 3.862951 1.243219 0.122453 0.005697 -0.040863 6.802643 1.278874 1.281979 -0.207878 0.540275 0.044596
3.400000 23.892590 3.979803 1.280585 0.095711 0.078991 -0.028847 6.785760 1.271344 1.760703 -0.304157 0.845886 0.034572
3.500000 24.579528 4.097449 1.328678 0.073310 0.151267 -0.019909 6.796961 1.284734 1.293770 -0.097202 0.525866 0.020573
3.600000 25.267016 4.221763 1.314921 0.078153 0.188556 -0.015863 6.804681 1.304366 0.901905 0.138173 0.296925 0.004444
3.700000 25.954243 4.346761 1.282978 0.089831 0.225948 -0.012890 6.793784 1.298137 1.078362 0.018360 0.514464 -0.009886
3.800000 26.640776 4.470616 1.231741 0.089830 0.262715 -0.010971 6.808374 1.275068 0.429558 0.017041 0.162310 -0.017842
3.900000 27.317167 4.595991 1.134607 0.107467 0.271084 -0.012189 6.811335 1.252974 0.365834 0.333174 0.076486 -0.022191
4.000000 27.996091 4.716647 1.044220 0.145184 0.286055 -0.013166 6.806746 1.224715 0.503337 0.311493 0.168008 -0.036427
4.100000 28.669613 4.833858 0.930099 0.147053 0.294709 -0.016075 6.813161 1.147683 0.083402 -0.237595 0.019596 -0.040365
4.200000 29.335818 4.944387 0.785598 0.115306 0.297495 -0.019111 6.812783 1.047619 -0.035336 -0.282786 0.046966 -0.022245
4.300000 30.005034 5.043952 0.651534 0.097902 0.303910 -0.019781 6.813095 0.957298 0.096397 -0.096797 0.063517 -0.005950
4.400000 30.673745 5.135240 0.515190 0.088621 0.308780 -0.019531 6.813877 0.878739 -0.194452 -0.104579 0.061371 0.000801
4.500000 31.343271 5.218959 0.368276 0.076462 0.321960 -0.018072 6.811499 0.812620 -0.267440 -0.146584 0.197750 0.005077
4.600000 32.020410 5.296743 0.239280 0.063214 0.340908 -0.015979 6.815831 0.765142 -0.284454 -0.113818 0.126209 0.007515
4.700000 32.691873 5.371970 0.110060 0.055579 0.340550 -0.015132 6.828155 0.726809 -0.780525 -0.051193 -0.087237 0.008599
4.800000 33.362890 5.444070 -0.038589 0.052441 0.337206 -0.014358 6.827735 0.683710 -0.974393 -0.038531 0.069154 0.009338
4.900000 34.046978 5.508882 -0.156157 0.050804 0.345376 -0.012980 6.829775 0.639565 -0.919240 0.025743 -0.012561 0.007835
5.000000 34.716272 5.569392 -0.268487 0.061251 0.326012 -0.013421 6.840033 0.578906 -1.260701 0.209009 -0.325800 0.005566
5.100000 35.374872 5.628120 -0.387087 0.085207 0.286671 -0.016059 6.843572 0.515270 -1.225230 0.231431 -0.441024 0.001697
5.200000 36.033847 5.684373 -0.474538 0.090307 0.242376 -0.020259 6.845497 0.452714 -0.973231 -0.097980 -0.476207 -0.000553
5.300000 36.695464 5.734290 -0.568169 0.079032 0.193590 -0.024047 6.849366 0.377720 -1.153402 -0.022017 -0.445230 0.010590
5.400000 37.367731 5.773908 -0.641069 0.087402 0.159223 -0.025306 6.846348 0.312025 -0.932308 0.109485 -0.228116 0.017869
5.500000 38.050100 5.804108 -0.683330 0.087456 0.144695 -0.024950 6.844473 0.258882 -1.035241 -0.118378 -0.093532 0.015289
5.600000 38.737147 5.828342 -0.721208 0.068994 0.134661 -0.024060 6.840327 0.210702 -0.959304 -0.157849 -0.079653 0.019402
5.700000 39.417398 5.848842 -0.695084 0.055520 0.123711 -0.022510 6.843769 0.168847 -0.521666 -0.141515 -0.196293 0.023969
5.800000 40.086497 5.867513 -0.664218 0.037668 0.090447 -0.021489 6.856646 0.120188 -0.946279 -0.300533 -0.481991 0.027234
5.900000 40.756760 5.879551 -0.663406 0.000747 0.041834 -0.019375 6.857561 0.069793 -0.655872 -0.308059 -0.430474 0.036444
6.000000 41.432070 5.884537 -0.635546 -0.010850 0.003653 -0.014875 6.856274 0.044905 -0.362800 0.068225 -0.362909 0.044587
6.100000 42.111981 5.888958 -0.610736 0.002871 -0.032447 -0.010653 6.856135 0.046547 -0.298196 0.125186 -0.372174 0.034310
6.200000 42.794228 5.894735 -0.571166 0.012733 -0.059295 -0.008167 6.842710 0.048547 0.088030 0.061704 -0.106710 0.019883
6.300000 43.474920 5.899343 -0.503653 0.016188 -0.054769 -0.006603 6.831069 0.049057 0.281395 0.032111 0.151868 0.010867
6.400000 44.154501 5.903959 -0.416753 0.024025 -0.034112 -0.005446 6.827922 0.069331 0.560097 0.116755 0.224278 0.003825
6.500000 44.834612 5.910956 -0.323220 0.031232 -0.013836 -0.004858 6.829251 0.102588 0.430834 0.011441 0.196439 -0.002864
6.600000 45.516988 5.921727 -0.244578 0.030497 0.008685 -0.004564 6.828984 0.132312 0.286353 -0.024193 0.259608 -0.004669
6.700000 46.201009 5.933697 -0.161443 0.013665 0.031328 -0.004324 6.839173 0.125310 0.064317 -0.252385 0.169785 0.000097
6.800000 46.887847 5.947143 -0.102282 -0.004109 0.044562 -0.003787 6.850669 0.131746 -0.406500 -0.063107 0.126527 0.009056
6.900000 47.579335 5.967431 -0.053906 0.002869 0.056542 -0.002848 6.850951 0.179211 -0.544365 0.078218 0.158249 0.008007
7.000000 48.264035 5.993086 0.031916 0.002998 0.063327 -0.002238 6.859916 0.266161 -0.442053 -0.047195 -0.117058 0.004410
7.100000 48.929904 6.017762 0.110721 0.000258 0.025859 -0.001825 6.887796 0.392721 -0.538850 0.073035 -0.634163 0.004730
7.200000 49.598437 6.050209 0.168809 0.016484 -0.043769 -0.001888 6.897247 0.551983 -0.173662 0.171064 -0.657698 0.002870
7.300000 50.284783 6.109213 0.211124 0.037398 -0.096664 -0.003284 6.886832 0.727857 -0.183646 0.258763 -0.344857 -0.004473
7.400000 50.971236 6.195195 0.258652 0.070635 -0.108971 -0.004859 6.866980 0.884860 0.262573 0.418677 0.056885 -0.017695
7.500000 51.651616 6.290262 0.353335 0.112446 -0.097873 -0.006559 6.862949 1.001013 0.517506 0.339471 0.171985 -0.037089
7.600000 52.330122 6.391247 0.462875 0.138514 -0.068577 -0.007334 6.853987 1.080343 0.520835 0.193364 0.399770 -0.052454
7.700000 53.010251 6.494595 0.589054 0.151303 -0.023034 -0.006496 6.847481 1.138534 0.746497 0.013676 0.495521 -0.062848
7.800000 53.693019 6.599563 0.730350 0.147176 0.015919 -0.007090 6.867291 1.180289 0.660062 -0.063133 0.167404 -0.063782
7.900000 54.376722 6.715472 0.822667 0.140007 0.011254 -0.013687 6.886865 1.190144 0.354960 -0.073942 -0.181726 -0.051384
8.000000 55.062706 6.833229 0.896434 0.131634 -0.000663 -0.019507 6.873677 1.160008 0.720576 -0.101784 -0.041032 -0.031600
8.100000 55.749594 6.948677 0.952507 0.128021 -0.007486 -0.022774 6.867866 1.126140 0.208361 0.063145 -0.065655 -0.017090
8.200000 56.434703 7.061288 0.965601 0.138430 0.003108 -0.022827 6.849720 1.094365 0.269061 0.104324 0.300334 -0.015577
8.300000 57.120263 7.161967 1.009153 0.143186 0.040512 -0.019491 6.843374 1.053978 0.548326 -0.016905 0.375714 -0.024399
8.400000 57.808355 7.256224 1.076432 0.132553 0.071837 -0.017780 6.848863 0.975541 0.535875 -0.159646 0.227744 -0.027122
8.500000 58.496361 7.345257 1.126414 0.116419 0.089693 -0.018015 6.853003 0.871169 0.284904 -0.202687 0.121768 -0.021229
8.600000 59.183122 7.425341 1.142110 0.083196 0.096225 -0.018840 6.857822 0.739177 -0.042889 -0.410576 0.003148 -0.007194
8.700000 59.867791 7.494320 1.136480 0.047331 0.090050 -0.018937 6.863966 0.607564 -0.062763 -0.273235 -0.121444 0.012109
8.800000 60.551951 7.551124 1.123756 0.032180 0.077447 -0.017510 6.863855 0.485961 -0.058458 -0.039649 -0.070200 0.023872
8.900000 61.237998 7.594361 1.116396 0.029567 0.077416 -0.015077 6.861137 0.374460 0.250511 -0.054942 0.030027 0.023337
9.000000 61.925170 7.628571 1.125636 0.018485 0.072810 -0.012956 6.874704 0.259605 0.379908 -0.169214 -0.158846 0.021449
9.100000 62.613017 7.651052 1.099333 -0.000625 0.054427 -0.010884 6.875523 0.145636 0.244530 -0.190399 -0.102886 0.024319
9.200000 63.301398 7.660220 1.085580 -0.018493 0.059444 -0.008271 6.866223 0.040720 0.827595 -0.176479 0.157720 0.029445
9.300000 63.993334 7.660825 1.089758 -0.044396 0.068610 -0.005322 6.880024 -0.075334 0.741250 -0.377700 -0.055667 0.033905
9.400000 64.682656 7.648555 1.039966 -0.074765 0.066462 -0.001476 6.874226 -0.179296 0.721853 -0.167130 0.129327 0.041438
9.500000 65.369408 7.630145 1.016666 -0.077945 0.098905 0.000277 6.861852 -0.246987 1.414755 0.024297 0.442975 0.042366
9.600000 66.062749 7.607238 1.007768 -0.081374 0.130042 0.001984 6.871488 -0.286777 1.027525 -0.087985 0.161030 0.040295
9.700000 66.746075 7.578502 0.931608 -0.091190 0.150229 0.004199 6.862080 -0.305676 0.741346 -0.099649 0.343705 0.039018
9.800000 67.430604 7.554825 0.875212 -0.101160 0.205121 0.002952 6.853994 -0.328799 1.149008 -0.052694 0.695957 0.044050
9.900000 68.126588 7.530261 0.829231 -0.101284 0.263765 0.001609 6.877839 -0.355520 0.374086 0.058065 0.403957 0.048344
10.000000 68.815488 7.497304 0.727328 -0.091778 0.293264 0.003455 6.887455 -0.364764 -0.102953 0.105228 0.236920 0.042803
10.100000 69.508722 7.466520 0.630883 -0.070771 0.323894 0.004680 6.878592 -0.336114 0.039219 0.279378 0.324935 0.029465
10.200000 70.194682 7.437583 0.527774 -0.052297 0.334510 0.006330 6.898968 -0.290248 -0.417359 0.053655 -0.139312 0.016642
10.300000 70.861401 7.408902 0.384549 -0.055245 0.308769 0.009009 6.906691 -0.238120 -0.532075 -0.067399 -0.280991 0.007914
10.400000 71.533823 7.383686 0.269233 -0.052297 0.284323 0.011025 6.915046 -0.225835 -0.464927 0.093273 -0.271157 0.003442
10.500000 72.204545 7.358000 0.125016 -0.037281 0.256413 0.012327 6.922029 -0.223009 -1.063636 0.187871 -0.229654 -0.004673
10.600000 72.883119 7.333698 -0.030705 -0.019400 0.245964 0.011644 6.907578 -0.212582 -1.078552 0.172777 0.011954 -0.014793
10.700000 73.573578 7.314337 -0.134637 -0.002253 0.253970 0.009668 6.893287 -0.186886 -0.390626 0.075195 0.114748 -0.021615
10.800000 74.260899 7.297159 -0.174654 -0.011994 0.250082 0.007546 6.909268 -0.189835 -0.451297 -0.264747 -0.267157 -0.018617
10.900000 74.933974 7.275874 -0.242633 -0.041104 0.213617 0.007226 6.913963 -0.222724 -0.657883 -0.193595 -0.330895 -0.006121
11.000000 75.615485 7.250283 -0.303892 -0.049626 0.191920 0.008259 6.909684 -0.247306 -0.684409 0.055444 -0.158989 0.004176
11.100000 76.299279 7.223842 -0.374779 -0.030468 0.171862 0.009440 6.914144 -0.236301 -1.019323 0.272434 -0.257396 0.000220
11.200000 76.982647 7.200335 -0.455388 -0.000955 0.145426 0.009259 6.909710 -0.211120 -0.872876 0.238089 -0.192669 -0.013122
11.300000 77.671278 7.179418 -0.462742 -0.007199 0.138481 0.007410 6.903521 -0.224727 -0.221044 -0.312690 -0.063367 -0.019029
11.400000 78.356214 7.155397 -0.460698 -0.047351 0.121625 0.006672 6.912134 -0.253439 -0.505643 -0.394917 -0.251453 -0.004006
11.500000 79.040522 7.127108 -0.476535 -0.073486 0.097064 0.008710 6.910907 -0.255651 -0.571443 -0.098257 -0.216431 0.012188
11.600000 79.727758 7.100839 -0.483836 -0.073387 0.080487 0.011383 6.907443 -0.225987 -0.474380 0.036650 -0.129816 0.013707
11.700000 80.416774 7.078816 -0.482680 -0.073156 0.069404 0.013290 6.908334 -0.192448 -0.530671 -0.034389 -0.092678 0.008291
11.800000 81.106452 7.059962 -0.469337 -0.064699 0.060347 0.014577 6.911660 -0.158683 -0.525978 0.220989 -0.094066 0.003607
11.900000 81.795121 7.044711 -0.434888 -0.040713 0.052495 0.014790 6.911564 -0.129150 -0.387261 0.209784 -0.085391 -0.008227
12.000000 82.483134 7.031350 -0.398875 -0.026536 0.042354 0.013783 6.911883 -0.120784 -0.473126 0.079787 -0.098084 -0.017223
12.100000 83.169750 7.018255 -0.345636 -0.026174 0.033559 0.012174 6.914203 -0.132200 -0.120494 -0.033090 -0.133721 -0.017930
12.200000 83.852312 7.003740 -0.286391 -0.027449 0.008467 0.011250 6.923344 -0.164834 -0.217233 0.021076 -0.347833 -0.014374
12.300000 84.538056 6.985498 -0.248779 -0.022209 -0.023454 0.010692 6.913459 -0.216792 -0.123767 0.018683 -0.173677 -0.013763
12.400000 85.225429 6.960874 -0.183011 -0.025447 -0.024686 0.009376 6.903393 -0.282251 0.231309 -0.031171 0.053804 -0.011834
12.500000 85.912974 6.929672 -0.115821 -0.022709 -0.024775 0.008379 6.909664 -0.356389 0.069809 0.087990 -0.059450 -0.008756
12.600000 86.601726 6.890011 -0.064801 -0.013039 -0.027989 0.007503 6.904876 -0.442150 0.279053 0.012652 0.076093 -0.010751
12.700000 87.288955 6.842908 0.030133 -0.025467 -0.016039 0.006335 6.904544 -0.565485 0.694262 -0.235739 0.095293 -0.006373
12.800000 87.977569 6.785220 0.120033 -0.052729 -0.013423 0.006226 6.909486 -0.695556 0.584997 -0.296073 -0.034242 0.006091
12.900000 88.668303 6.711441 0.168385 -0.077205 -0.018580 0.007792 6.905418 -0.794033 0.333225 -0.151236 0.015519 0.017788
13.000000 89.357218 6.627939 0.213351 -0.085573 -0.000176 0.008387 6.891393 -0.856504 0.599800 -0.060032 0.321140 0.023826
13.100000 90.047206 6.541308 0.279274 -0.096194 0.031399 0.008206 6.898314 -0.923270 0.233160 -0.200487 0.216858 0.029429
13.200000 90.739633 6.446583 0.323109 -0.107595 0.057121 0.008806 6.894337 -0.979638 0.264076 0.004182 0.308987 0.035161
13.300000 91.434096 6.349209 0.382403 -0.104926 0.085916 0.009263 6.897082 -1.028486 0.222891 0.009713 0.236026 0.034386
13.400000 92.127020 6.247787 0.432186 -0.102148 0.099115 0.011190 6.913134 -1.056882 0.233340 0.040740 -0.024333 0.030469
13.500000 92.815529 6.142869 0.459175 -0.101477 0.080174 0.015743 6.926839 -1.076803 0.101227 -0.054066 -0.302347 0.020714
13.600000 93.506170 6.034205 0.470420 -0.114982 0.054018 0.020165 6.920134 -1.116920 0.158739 -0.133072 -0.238266 0.012575
13.700000 94.197798 5.918461 0.454638 -0.119654 0.035758 0.023435 6.910945 -1.155449 0.083475 0.043324 -0.105448 0.008841
13.800000 94.888512 5.801219 0.448441 -0.107950 0.037308 0.023842 6.900395 -1.177296 0.351453 0.214931 0.077453 0.002045
13.900000 95.578873 5.684115 0.454128 -0.083841 0.049653 0.022421 6.891886 -1.192192 0.543467 0.188334 0.220975 -0.007705
14.000000 96.270529 5.566505 0.486559 -0.076171 0.080293 0.019046 6.884143 -1.226219 0.720766 -0.012627 0.359254 -0.009196
14.100000 96.964714 5.445453 0.522312 -0.080386 0.114534 0.015839 6.885707 -1.273860 0.574595 -0.074870 0.295044 -0.000589
14.200000 97.658541 5.318806 0.535890 -0.094046 0.135636 0.014495 6.892903 -1.327066 0.199351 -0.129167 0.112828 0.010062
14.300000 98.350073 5.186792 0.526246 -0.100105 0.143881 0.015036 6.893618 -1.357479 0.190907 0.006565 0.088192 0.015404
14.400000 99.042043 5.052797 0.518552 -0.100426 0.153088 0.015657 6.893890 -1.378522 0.080864 -0.056808 0.077382 0.014893
14.500000 99.732443 4.915495 0.497384 -0.109928 0.156701 0.016836 6.898109 -1.393914 -0.067477 -0.100398 -0.020795 0.015959
14.600000 100.420576 4.775976 0.461614 -0.116198 0.151501 0.019078 6.900272 -1.392286 -0.183530 -0.029049 -0.063236 0.015579
14.700000 101.109437 4.637627 0.426478 -0.119506 0.149654 0.020731 6.896545 -1.372713 -0.131939 -0.073610 0.049787 0.012797
14.800000 101.801827 4.504061 0.407813 -0.129196 0.160717 0.020707 6.894490 -1.344146 -0.045658 -0.097844 0.115572 0.015278
14.900000 102.493371 4.373579 0.386820 -0.135050 0.166270 0.021705 6.900095 -1.302321 -0.225703 -0.032113 -0.000278 0.017921
15.000000 103.183896 4.246682 0.363471 -0.138117 0.167427 0.023305 6.898977 -1.255422 -0.179507 -0.039812 0.035866 0.016287
15.100000 103.875733 4.125302 0.351520 -0.144309 0.172201 0.024245 6.899462 -1.214558 -0.083520 -0.089301 0.032246 0.015915
15.200000 104.564363 4.005855 0.339384 -0.148704 0.166084 0.026811 6.909755 -1.170999 -0.268494 0.023378 -0.181838 0.014922
15.300000 105.248082 3.886099 0.302486 -0.139137 0.140795 0.031607 6.915781 -1.122543 -0.391711 0.130300 -0.285636 0.004297
15.400000 105.933784 3.771758 0.262946 -0.122737 0.118311 0.034260 6.910440 -1.077805 -0.174837 0.198104 -0.149739 -0.011360
15.500000 106.622422 3.664583 0.238466 -0.103550 0.109237 0.033495 6.905895 -1.040000 -0.017441 0.163207 -0.051367 -0.023451
15.600000 107.311782 3.561435 0.218598 -0.092770 0.104687 0.031281 6.905267 -1.017782 -0.055058 0.063662 -0.039319 -0.027866
15.700000 108.001535 3.460523 0.202843 -0.084684 0.102034 0.028756 6.904424 -1.005116 0.035050 0.134990 -0.014912 -0.026689
15.800000 108.692090 3.361320 0.194554 -0.076382 0.104177 0.025933 6.900762 -0.998641 0.062273 -0.001990 0.076571 -0.025568
15.900000 109.384580 3.262859 0.188246 -0.085819 0.117341 0.022656 6.899031 -0.994060 -0.002954 -0.154022 0.185998 -0.016469
16.000000 110.080622 3.167517 0.195246 -0.100919 0.138018 0.019786 6.903621 -0.977814 -0.010778 -0.142261 0.193095 -0.001545
16.100000 110.776260 3.074436 0.206494 -0.115005 0.150221 0.018952 6.912417 -0.949199 -0.186632 -0.128879 0.043041 0.010121
16.200000 111.467456 2.981910 0.210544 -0.125921 0.147542 0.020625 6.919678 -0.913019 -0.326664 -0.095567 -0.075921 0.014859
16.300000 112.156894 2.891285 0.197492 -0.127238 0.137310 0.023434 6.926819 -0.855861 -0.272966 0.063715 -0.137684 0.012901
16.400000 112.843914 2.805301 0.190945 -0.116118 0.116174 0.026909 6.934454 -0.764266 -0.116869 0.135912 -0.295510 0.003049
16.500000 113.530101 2.726083 0.180734 -0.102550 0.081369 0.030313 6.932317 -0.658013 -0.215451 0.105227 -0.355365 -0.011659
16.600000 114.219861 2.661791 0.138225 -0.098197 0.064587 0.030216 6.912778 -0.566403 -0.295565 0.004736 0.093203 -0.021601
16.700000 114.914841 2.615428 0.137145 -0.096927 0.089354 0.025762 6.901382 -0.500261 0.083966 0.044088 0.283118 -0.016689
16.800000 115.608825 2.571823 0.157517 -0.090009 0.103584 0.023082 6.912678 -0.440272 0.021520 0.131229 0.004997 -0.010378
16.900000 116.298526 2.530160 0.168758 -0.068232 0.096998 0.022472 6.916805 -0.361159 -0.034765 0.290772 -0.081970 -0.013958
17.000000 116.989945 2.497876 0.193270 -0.046462 0.099553 0.020437 6.910018 -0.288778 0.192544 0.190619 0.079503 -0.023565
17.100000 117.679915 2.471661 0.196503 -0.020910 0.093262 0.017963 6.923390 -0.231505 -0.436865 0.312489 -0.214657 -0.028562
17.200000 118.368045 2.450412 0.155692 0.017014 0.070044 0.014807 6.922400 -0.186816 -0.643090 0.426187 -0.160121 -0.037343
17.300000 119.061349 2.432148 0.143911 0.049690 0.072397 0.010540 6.910228 -0.158631 -0.194860 0.190649 0.163433 -0.050399
17.400000 119.755529 2.414672 0.183032 0.056150 0.084855 0.006064 6.918755 -0.159265 -0.095750 -0.013383 -0.007555 -0.049500
17.500000 120.442822 2.400802 0.204008 0.055206 0.066851 0.000633 6.938315 -0.177136 -0.447896 0.021680 -0.288959 -0.037875
17.600000 121.132797 2.384814 0.210330 0.051243 0.043612 -0.003814 6.950796 -0.214166 0.077616 -0.136814 -0.175315 -0.025465
17.700000 121.827156 2.363851 0.247716 0.027140 0.024065 -0.006419 6.962812 -0.255773 0.595432 -0.339717 -0.254341 -0.010227
17.800000 122.530398 2.337782 0.270954 -0.002499 -0.016992 -0.006934 6.962681 -0.265927 0.368679 -0.207671 -0.486207 0.007226
17.900000 123.230822 2.309234 0.239618 -0.014908 -0.037457 -0.005400 6.927553 -0.257948 0.611733 -0.062199 0.175060 0.018942
18.000000 123.915958 2.285511 0.258574 -0.022304 0.008494 -0.004163 6.910851 -0.238711 1.195863 -0.100267 0.574694 0.022700
18.100000 124.606978 2.265074 0.290831 -0.032957 0.057226 -0.003068 6.918790 -0.213197 0.856498 -0.090179 0.445728 0.025718
18.200000 125.302950 2.249520 0.315809 -0.036926 0.106864 -0.002219 6.913382 -0.173208 0.906702 -0.005542 0.574331 0.026108
18.300000 126.007997 2.239602 0.362564 -0.035284 0.168570 -0.001936 6.912655 -0.128989 0.983904 0.069922 0.559203 0.024331
18.400000 126.708924 2.230101 0.366703 -0.025727 0.193998 -0.000562 6.940011 -0.088232 0.107896 0.077667 -0.037444 0.018730
18.500000 127.398331 2.221985 0.305036 -0.021331 0.185109 0.001181 6.940775 -0.051485 -0.006274 0.033732 -0.026217 0.011568
18.600000 128.092926 2.219361 0.258834 -0.011621 0.192190 0.001922 6.947869 -0.003611 -0.162968 0.177520 0.089007 0.004984
18.700000 128.788364 2.221356 0.190810 0.009955 0.196621 0.001929 6.963815 0.035010 -0.662889 0.218418 0.018840 -0.004890
18.800000 129.487133 2.225453 0.111612 0.031108 0.200125 0.000993 6.961550 0.057327 -1.041894 0.224383 0.082020 -0.014824
18.900000 130.192931 2.230567 0.067516 0.049059 0.213762 -0.000407 6.951879 0.070759 -0.536542 0.120175 0.099227 -0.023006
19.000000 130.883942 2.239013 0.063306 0.054280 0.202188 -0.003481 6.971494 0.080589 -0.691867 -0.003138 -0.374679 -0.022742
19.100000 131.558138 2.251921 0.021120 0.047616 0.149140 -0.008173 6.983519 0.084410 -0.951211 -0.113968 -0.585248 -0.013521
19.200000 132.240523 2.263908 -0.030739 0.031407 0.098421 -0.010928 6.977929 0.087211 -0.695102 -0.188518 -0.406778 0.000481
19.300000 132.930838 2.274524 -0.066624 0.012050 0.063788 -0.010965 6.975214 0.107907 -0.509616 -0.203929 -0.331649 0.013419
19.400000 133.623726 2.286157 -0.094567 -0.007271 0.030314 -0.009261 6.974042 0.148558 -0.530578 -0.152524 -0.210638 0.022085
19.500000 134.320627 2.304799 -0.080735 -0.012712 0.029620 -0.006809 6.960349 0.201784 -0.054911 0.015490 0.147469 0.025180
19.600000 135.018572 2.330504 -0.036704 -0.009238 0.044148 -0.004683 6.970741 0.271753 -0.004536 0.076326 0.049197 0.020067
19.700000 135.714980 2.360024 0.005036 0.004095 0.037482 -0.003076 6.997129 0.354773 0.297385 0.189151 -0.167773 0.011543
19.800000 136.414228 2.395530 0.052223 0.022045 0.016236 -0.002763 7.000432 0.433447 0.752113 0.103302 -0.224326 0.000639
19.900000 137.118491 2.438376 0.089646 0.029937 -0.011564 -0.003762 6.986720 0.495359 0.386853 0.088975 -0.282992 -0.004754
20.000000 137.817984 2.492054 0.067097 0.040266 -0.021899 -0.004699 6.964140 0.535361 0.325000 0.124143 0.142587 -0.008013
