0.000000 1.000000 -2.000000 
0.100000 0.800000 -1.900000 
0.200000 0.610000 -1.760000 
0.300000 0.434000 -1.591000 
0.400000 0.274900 -1.403000 
0.500000 0.134600 -1.204870 
0.600000 0.014113 -1.004276 
0.700000 -0.086315 -0.807655 
0.800000 -0.167080 -0.620229 
0.900000 -0.229103 -0.446059 
1.000000 -0.273709 -0.288117 
1.100000 -0.302521 -0.148381 
1.200000 -0.317359 -0.027948 
1.300000 -0.320154 0.072849 
1.400000 -0.312869 0.154325 
1.500000 -0.297436 0.217321 
1.600000 -0.275704 0.263087 
1.700000 -0.249395 0.293181 
1.800000 -0.220077 0.309364 
1.900000 -0.189141 0.313514 
2.000000 -0.157789 0.307553 
2.100000 -0.127034 0.293380 
2.200000 -0.097696 0.272814 
2.300000 -0.070415 0.247560 
2.400000 -0.045659 0.219172 
2.500000 -0.023742 0.189036 
2.600000 -0.004838 0.158351 
2.700000 0.010997 0.128132 
2.800000 0.023810 0.099207 
2.900000 0.033731 0.072222 
3.000000 0.040953 0.047658 
3.100000 0.045719 0.025841 
3.200000 0.048303 0.006957 
3.300000 0.048999 -0.008925 
3.400000 0.048106 -0.021840 
3.500000 0.045922 -0.031904 
3.600000 0.042732 -0.039300 
3.700000 0.038802 -0.044259 
3.800000 0.034376 -0.047048 
3.900000 0.029671 -0.047951 
4.000000 0.024876 -0.047262 
4.100000 0.020150 -0.045273 
4.200000 0.015623 -0.042263 
4.300000 0.011396 -0.038497 
4.400000 0.007546 -0.034217 
4.500000 0.004125 -0.029637 
4.600000 0.001161 -0.024947 
4.700000 -0.001334 -0.020306 
4.800000 -0.003364 -0.015845 
4.900000 -0.004949 -0.011667 
5.000000 -0.006115 -0.007849 
5.100000 -0.006900 -0.004444 
5.200000 -0.007345 3.023660 
5.300000 0.295021 2.419505 
5.400000 0.536972 1.542529 
5.500000 0.691225 0.919487 
5.600000 0.783173 0.535061 
5.700000 0.836680 0.308515 
5.800000 0.867531 0.177254 
5.900000 0.885257 0.101697 
6.000000 0.895426 0.058314 
6.100000 0.901258 0.033431 
6.200000 0.904601 0.019164 
6.300000 0.906517 0.010985 
6.400000 0.907616 0.006297 
6.500000 0.908245 0.003609 
6.600000 0.908606 0.002069 
6.700000 0.908813 0.001186 
6.800000 0.908932 0.000680 
6.900000 0.909000 0.000390 
7.000000 0.909039 0.000223 
7.100000 0.909061 0.000128 
7.200000 0.909074 0.000073 
7.300000 0.909081 0.000042 
7.400000 0.909085 0.000024 
7.500000 0.909088 0.000014 
7.600000 0.909089 0.000008 
7.700000 0.909090 0.000005 
7.800000 0.909090 0.000003 
7.900000 0.909091 0.000001 
8.000000 0.909091 0.000001 
8.100000 0.909091 0.000000 
8.200000 0.909091 0.000000 
8.300000 0.909091 0.000000 
8.400000 0.909091 0.000000 
8.500000 0.909091 0.000000 
8.600000 0.909091 0.000000 
8.700000 0.909091 0.000000 
8.800000 0.909091 0.000000 
8.900000 0.909091 0.000000 
9.000000 0.909091 0.000000 
9.100000 0.909091 0.000000 
9.200000 0.909091 0.000000 
9.300000 0.909091 0.000000 
9.400000 0.909091 0.000000 
9.500000 0.909091 0.000000 
9.600000 0.909091 0.000000 
9.700000 0.909091 0.000000 
9.800000 0.909091 0.000000 
9.900000 0.909091 0.000000 
10.000000 0.909091 0.000000 
