-0.99202
-0.98524
-0.97846
-0.97168
-0.9649
-0.95812
-0.95133
-0.94455
-0.93777
-0.93099
-0.92421
-0.91743
-0.91065
-0.9035
-0.89618
-0.88885
-0.88153
-0.8742
-0.86688
-0.85955
-0.85223
-0.8449
-0.83758
-0.83881
-0.83919
-0.83958
-0.83997
-0.84035
-0.84074
-0.84113
-0.84151
-0.84302
-0.84565
-0.84829
-0.85093
-0.85356
-0.8562
-0.85884
-0.86147
-0.86411
-0.86675
-0.86384
-0.85973
-0.85561
-0.8515
-0.84738
-0.84326
-0.83915
-0.83503
-0.83196
-0.83103
-0.8301
-0.82917
-0.82825
-0.82732
-0.82639
-0.82546
-0.82453
-0.82361
-0.82268
-0.84383
-0.85708
-0.87032
-0.88357
-0.89681
-0.91006
-0.9233
-0.93448
-0.93446
-0.93445
-0.93443
-0.93442
-0.9344
-0.93439
-0.93437
-0.93436
-0.93434
-0.93433
-0.93118
-0.92845
-0.92572
-0.92299
-0.92026
-0.91753
-0.9148
-0.91207
-0.90553
-0.89892
-0.89231
-0.88571
-0.8791
-0.8725
-0.86589
-0.85929
-0.85268
-0.84608
-0.83411
-0.82278
-0.81144
-0.8001
-0.78877
-0.77743
-0.76609
-0.75476
-0.73977
-0.72395
-0.70813
-0.69231
-0.67649
-0.66067
-0.64485
-0.62903
-0.61322
-0.5974
-0.58925
-0.57979
-0.57033
-0.56087
-0.55141
-0.54195
-0.53249
-0.52303
-0.50828
-0.4906
-0.47292
-0.45524
-0.43756
-0.41988
-0.4022
-0.38453
-0.36685
-0.34917
-0.32022
-0.29323
-0.26624
-0.23925
-0.21226
-0.18527
-0.15828
-0.13129
-0.10614
-0.083042
-0.059942
-0.036842
-0.013742
0.0093579
0.032458
0.055558
0.078658
0.10176
0.11867
0.13633
0.154
0.17166
0.18933
0.20699
0.22466
0.24233
0.25727
0.26593
0.2746
0.28326
0.29192
0.30059
0.30925
0.31792
0.32658
0.3322
0.32719
0.32218
0.31716
0.31215
0.30714
0.30213
0.29711
0.2921
0.28639
0.27607
0.26575
0.25543
0.24511
0.23479
0.22447
0.21415
0.20383
0.19418
0.18685
0.17952
0.1722
0.16487
0.15754
0.15021
0.14288
0.13555
0.12822
0.12325
0.11838
0.1135
0.10863
0.10375
0.09888
0.094006
0.089131
0.084387
0.097826
0.11126
0.1247
0.13814
0.15158
0.16502
0.17846
0.1919
0.20534
0.21239
0.21776
0.22312
0.22849
0.23385
0.23922
0.24458
0.24995
0.25531
0.26391
0.27399
0.28406
0.29414
0.30421
0.31429
0.32436
0.33444
0.34451
0.34933
0.35093
0.35253
0.35412
0.35572
0.35731
0.35891
0.36051
0.3621
0.35995
0.35669
0.35344
0.35018
0.34693
0.34367
0.34042
0.33716
0.33391
0.33336
0.33612
0.33888
0.34164
0.34441
0.34717
0.34993
0.35269
0.35546
0.3549
0.35039
0.34587
0.34135
0.33683
0.33231
0.3278
0.32328
0.31876
0.31518
0.31403
0.31287
0.31172
0.31057
0.30941
0.30826
0.3071
0.30595
0.3073
0.31487
0.32245
0.33002
0.33759
0.34517
0.35274
0.36031
0.36789
0.37502
0.3785
0.38199
0.38547
0.38895
0.39244
0.39592
0.3994
0.40289
0.40624
0.40942
0.41261
0.4158
0.41898
0.42217
0.42536
0.42854
0.43173
0.43492
0.4363
0.43756
0.43882
0.44008
0.44135
0.44261
0.44387
0.4521
0.44055
0.429
0.41745
0.4059
0.39435
0.3828
0.37125
0.35969
0.34814
0.33659
0.32744
0.31902
0.31061
0.30219
0.29377
0.28535
0.27693
0.261
0.26438
0.26776
0.27114
0.27452
0.2779
0.28128
0.28466
0.28803
0.29141
0.29479
0.29643
0.29688
0.29733
0.29779
0.29824
0.29869
0.29914
0.29632
0.30139
0.30645
0.31152
0.31659
0.32166
0.32672
0.33179
0.33686
0.34192
0.34699
0.35015
0.35075
0.35135
0.35194
0.35254
0.35314
0.35373
0.35433
0.35488
0.35514
0.3554
0.35567
0.35593
0.35619
0.35646
0.35672
0.35698
0.35725
0.35769
0.35864
0.3596
0.36056
0.36152
0.36247
0.36343
0.36439
0.36593
0.36371
0.36149
0.35927
0.35705
0.35484
0.35262
0.3504
0.34818
0.34596
0.34385
0.34296
0.34207
0.34118
0.34029
0.3394
0.33851
0.33762
0.33651
0.33626
0.336
0.33575
0.33549
0.33524
0.33498
0.33473
0.33447
0.33422
0.33396
0.33869
0.34389
0.3491
0.3543
0.3595
0.3647
0.3699
0.37559
0.37927
0.38296
0.38664
0.39033
0.39401
0.39769
0.40138
0.40506
0.40875
0.41243
0.41956
0.4279
0.43623
0.44456
0.45289
0.46122
0.46955
0.47846
0.48513
0.49179
0.49846
0.50512
0.51179
0.51845
0.52512
0.53178
0.53845
0.54511
0.54789
0.54776
0.54762
0.54749
0.54736
0.54722
0.54709
0.54043
0.55678
0.57313
0.58948
0.60583
0.62218
0.63853
0.65488
0.67123
0.68758
0.70393
0.71729
0.72619
0.73509
0.74399
0.7529
0.7618
0.7707
0.78177
0.78654
0.79132
0.7961
0.80088
0.80566
0.81043
0.81521
0.81999
0.82477
0.82955
0.83391
0.83691
0.8399
0.84289
0.84588
0.84887
0.85186
0.86527
0.84869
0.83212
0.81554
0.79896
0.78238
0.76581
0.74923
0.73265
0.71607
0.69949
0.68352
0.67698
0.67044
0.66389
0.65735
0.65081
0.64427
0.63992
0.63016
0.62039
0.61063
0.60086
0.5911
0.58133
0.57157
0.5618
0.55204
0.54227
0.53251
0.52454
0.5168
0.50906
0.50132
0.49358
0.48584
0.47695
0.4706
0.46425
0.4579
0.45154
0.44519
0.43884
0.43249
0.42614
0.41979
0.41344
0.40709
0.39671
0.38476
0.37281
0.36085
0.3489
0.33695
0.32692
0.31297
0.29902
0.28507
0.27112
0.25717
0.24322
0.22927
0.21532
0.20137
0.18742
0.17347
0.15871
0.14327
0.12784
0.1124
0.096964
0.081527
0.06609
0.04736
0.041015
0.034671
0.028326
0.021982
0.015637
0.0092929
0.0029484
-0.0033961
-0.0097406
-0.016085
-0.023239
-0.031727
-0.040215
-0.048703
-0.057191
-0.065679
-0.074167
-0.084912
-0.09011
-0.095307
-0.1005
-0.1057
-0.1109
-0.1161
-0.12129
-0.12649
-0.13169
-0.13688
-0.14061
-0.13855
-0.1365
-0.13444
-0.13238
-0.13033
-0.12827
-0.12621
-0.12409
-0.11924
-0.11439
-0.10955
-0.1047
-0.099856
-0.09501
-0.090163
-0.085317
-0.080471
-0.075624
-0.070774
-0.065923
-0.061072
-0.056222
-0.051371
-0.046521
-0.04167
-0.035965
-0.034965
-0.033964
-0.032963
-0.031962
-0.030961
-0.02996
-0.028959
-0.027958
-0.026957
-0.025956
-0.022576
-0.018973
-0.015369
-0.011765
-0.0081616
-0.0045579
-0.0009543
0.007602
-1.6946e-05
-0.0076358
-0.015255
-0.022874
-0.030493
-0.038111
-0.04573
-0.053349
-0.060968
-0.068587
-0.074151
-0.078859
-0.083567
-0.088275
-0.092983
-0.097691
-0.1024
-0.10711
-0.11139
-0.11431
-0.11722
-0.12013
-0.12304
-0.12595
-0.12887
-0.13178
-0.13469
-0.1376
-0.14318
-0.15474
-0.16629
-0.17785
-0.18941
-0.20097
-0.21252
-0.22408
-0.23729
-0.2414
-0.2455
-0.24961
-0.25372
-0.25783
-0.26194
-0.26605
-0.27015
-0.27426
-0.27837
-0.28305
-0.28827
-0.29349
-0.29871
-0.30393
-0.30915
-0.31437
-0.32359
-0.32467
-0.32575
-0.32682
-0.3279
-0.32897
-0.33005
-0.33112
-0.3322
-0.33327
-0.33435
-0.33542
-0.33312
-0.32988
-0.32663
-0.32339
-0.32015
-0.31691
-0.31367
-0.30559
-0.31316
-0.32072
-0.32829
-0.33586
-0.34343
-0.35099
-0.35856
-0.36613
-0.3737
-0.38126
-0.38868
-0.39271
-0.39675
-0.40078
-0.40482
-0.40885
-0.41289
-0.41612
-0.42108
-0.42603
-0.43099
-0.43595
-0.44091
-0.44586
-0.45082
-0.45578
-0.46074
-0.46569
-0.47065
-0.47445
-0.4722
-0.46995
-0.46769
-0.46544
-0.46319
-0.45358
-0.45795
-0.46232
-0.46668
-0.47105
-0.47541
-0.47978
-0.48414
-0.48851
-0.49287
-0.49724
-0.5016
-0.50597
-0.50833
-0.50795
-0.50757
-0.50718
-0.5068
-0.50551
-0.50567
-0.50583
-0.50599
-0.50616
-0.50632
-0.50648
-0.50664
-0.5068
-0.50697
-0.50713
-0.50729
-0.50745
-0.50761
-0.50741
-0.50705
-0.50669
-0.50633
-0.52489
-0.51637
-0.50785
-0.49934
-0.49082
-0.4823
-0.47378
-0.46527
-0.45675
-0.44823
-0.43971
-0.4312
-0.42268
-0.41416
-0.40364
-0.3896
-0.37556
-0.36152
-0.34747
-0.33189
-0.31893
-0.30597
-0.29301
-0.28005
-0.2671
-0.25414
-0.24118
-0.22822
-0.21526
-0.20231
-0.18935
-0.17639
-0.16397
-0.15169
-0.13941
-0.12713
-0.11485
-0.10409
-0.090614
-0.077142
-0.06367
-0.050197
-0.036725
-0.023252
-0.0097798
0.0036927
0.017165
0.030638
0.04411
0.059234
0.077415
0.095597
0.11378
0.13196
0.15014
0.16832
0.18655
0.2043
0.22205
0.2398
0.25756
0.27531
0.29306
0.31081
0.32856
0.34632
0.36903
0.39727
0.4255
0.45373
0.48197
0.5102
0.53844
0.56667
0.59305
0.61541
0.63778
0.66014
0.68251
0.70487
0.72724
0.7496
0.77209
0.79551
0.81893
0.84235
0.86576
0.88918
0.9126
0.93602
0.95944
0.98285
1.0063
1.0297
1.045
1.0645
1.0841
1.1037
1.1232
1.1392
1.1478
1.1563
1.1649
1.1735
1.182
1.1906
1.1992
1.2078
1.2163
1.2249
1.2335
1.242
1.2506
1.2663
1.2773
1.2884
1.2994
1.3098
1.3196
1.3295
1.3394
1.3492
1.3591
1.369
1.3788
1.3887
1.3986
1.4084
1.4183
1.4282
1.4381
1.4479
1.4284
1.4301
1.4318
1.4354
1.4405
1.4456
1.4508
1.4559
1.461
1.4662
1.4713
1.4764
1.4816
1.4867
1.4918
1.497
1.5021
1.5072
1.5105
1.515
1.5195
1.5241
1.5236
1.5239
1.5243
1.5247
1.525
1.5254
1.5257
1.5261
1.5265
1.5268
1.5272
1.5276
1.5279
1.5283
1.5286
1.5109
1.5061
1.5012
1.4972
1.4938
1.4904
1.487
1.4836
1.4802
1.4768
1.4734
1.47
1.4666
1.4632
1.4598
1.4564
1.4529
1.4495
1.4167
1.4034
1.3901
1.3769
1.3638
1.3508
1.3377
1.3247
1.3117
1.2987
1.2856
1.2726
1.2596
1.2465
1.2335
1.2205
1.2075
1.1944
1.2034
1.1988
1.1942
1.1896
1.185
1.1739
1.1628
1.1516
1.1405
1.1294
1.1182
1.1071
1.096
1.0849
1.0737
1.0626
1.0515
1.0403
1.0292
1.0732
1.0789
1.0846
1.0903
1.0932
1.0933
1.0934
1.0935
1.0936
1.0937
1.0938
1.0939
1.094
1.0941
1.0942
1.0943
1.0945
1.0946
1.1145
1.1212
1.1278
1.1345
1.1442
1.1589
1.1736
1.1884
1.2031
1.2179
1.2326
1.2474
1.2621
1.2768
1.2916
1.3063
1.3211
1.3358
1.3326
1.3412
1.3498
1.3583
1.3637
1.366
1.3682
1.3705
1.3728
1.375
1.3773
1.3796
1.3819
1.3841
1.3864
1.3887
1.3909
1.3932
1.3955
1.3862
1.3853
1.3844
1.3828
1.3784
1.3741
1.3697
1.3654
1.361
1.3566
1.3523
1.3479
1.3435
1.3392
1.3348
1.3304
1.3261
1.3067
1.2965
1.2862
1.276
1.2658
1.2512
1.2358
1.2203
1.2049
1.1894
1.174
1.1585
1.1431
1.1276
1.1122
1.0967
1.0812
1.0658
1.0606
1.0488
1.037
1.0252
1.0134
0.99842
0.98023
0.96204
0.94385
0.92567
0.90748
0.88929
0.8711
0.85291
0.83472
0.81653
0.79834
0.79518
0.78385
0.77252
0.7612
0.74987
0.73855
0.72572
0.70569
0.68567
0.66564
0.64561
0.62558
0.60556
0.58553
0.5655
0.54548
0.52545
0.52641
0.52107
0.51573
0.51039
0.50505
0.49971
0.49437
0.48903
0.48245
0.47565
0.46885
0.46205
0.45525
0.44846
0.44166
0.43486
0.42806
0.41957
0.40874
0.39791
0.38708
0.37625
0.36541
0.35458
0.34375
0.33292
0.32396
0.31722
0.31048
0.30375
0.29701
0.29027
0.28353
0.27679
0.27005
0.26702
0.26967
0.27233
0.27499
0.27765
0.2803
0.28296
0.28562
0.28828
0.29021
0.28962
0.28903
0.28844
0.28785
0.28726
0.28667
0.28608
0.28549
0.28629
0.28925
0.29221
0.29517
0.29813
0.30109
0.30405
0.30701
0.30997
0.31314
0.31882
0.3245
0.33018
0.33586
0.34154
0.34722
0.3529
0.35858
0.36041
0.35177
0.34314
0.3345
0.32587
0.31723
0.3086
0.29996
0.29133
0.28269
0.27717
0.27226
0.26736
0.26246
0.25755
0.25265
0.24774
0.24284
0.23876
0.23967
0.24057
0.24147
0.24238
0.24328
0.24418
0.24509
0.24599
0.24689
0.25055
0.25562
0.26068
0.26575
0.27082
0.27589
0.28096
0.28602
0.29084
0.31277
0.33469
0.35662
0.37854
0.40046
0.42239
0.44431
0.46624
0.48816
0.50856
0.52866
0.54876
0.56886
0.58896
0.60906
0.62917
0.64927
0.66937
0.68482
0.69592
0.70702
0.71813
0.72923
0.74033
0.75143
0.76253
0.77363
0.78508
0.79656
0.80804
0.81952
0.831
0.84247
0.85395
0.86543
0.87691
0.88839
0.8773
0.86984
0.86239
0.85493
0.84748
0.84002
0.83257
0.82511
0.82318
0.823
0.82283
0.82266
0.82248
0.82231
0.82213
0.82196
0.82178
0.82161
0.81189
0.80308
0.79428
0.78548
0.77668
0.76788
0.75907
0.75027
0.74024
0.72922
0.7182
0.70718
0.69616
0.68514
0.67412
0.6631
0.65208
0.64106
0.62495
0.60925
0.59355
0.57785
0.56215
0.54645
0.53075
0.51505
0.49982
0.48801
0.47621
0.4644
0.45259
0.44079
0.42898
0.41718
0.40537
0.39356
0.39362
0.3972
0.40078
0.40436
0.40793
0.41151
0.41509
0.41867
0.42225
0.42258
0.42141
0.42024
0.41907
0.4179
0.41673
0.41556
0.41439
0.41322
0.41492
0.41876
0.42259
0.42643
0.43026
0.4341
0.43793
0.44177
0.4456
0.44856
0.45087
0.45319
0.45551
0.45782
0.46014
0.46246
0.46477
0.46709
0.46879
0.47027
0.47174
0.47322
0.47469
0.47617
0.47764
0.47912
0.4806
0.48715
0.49692
0.50669
0.51646
0.52623
0.53599
0.54576
0.55553
0.5653
0.57507
0.5746
0.57653
0.57846
0.58038
0.58231
0.58424
0.58617
0.58809
0.59191
0.59689
0.60186
0.60684
0.61182
0.6168
0.62177
0.62675
0.63173
0.6367
0.64168
0.64182
0.64404
0.64625
0.64847
0.65068
0.6529
0.65511
0.65883
0.66387
0.66891
0.67395
0.67899
0.68403
0.68907
0.69411
0.69915
0.70419
0.70923
0.69492
0.68515
0.67538
0.66561
0.65585
0.64608
0.63631
0.63052
0.63217
0.63381
0.63546
0.6371
0.63875
0.64039
0.64204
0.64368
0.64533
0.64697
0.65122
0.65514
0.65906
0.66298
0.6669
0.67082
0.67474
0.67802
0.67925
0.68048
0.68171
0.68294
0.68417
0.6854
0.68663
0.68785
0.68908
0.69031
0.69154
0.68773
0.68648
0.68522
0.68396
0.6827
0.68144
0.67983
0.67551
0.67118
0.66686
0.66253
0.65821
0.65388
0.64956
0.64523
0.64091
0.63658
0.63226
0.62493
0.61911
0.61328
0.60746
0.60164
0.59581
0.58999
0.57674
0.56304
0.54935
0.53565
0.52196
0.50826
0.49457
0.48087
0.46718
0.45348
0.44468
0.43557
0.42647
0.41736
0.40825
0.39915
0.39004
0.38094
0.37659
0.3747
0.37281
0.37092
0.36903
0.36714
0.36525
0.36336
0.36147
0.35958
0.35342
0.34738
0.34135
0.33532
0.32928
0.32325
0.31722
0.31119
0.29992
0.28267
0.26542
0.24817
0.23092
0.21367
0.19642
0.17917
0.16192
0.14467
0.14048
0.13611
0.13175
0.12738
0.12302
0.11865
0.11429
0.10992
0.10547
0.10046
0.095445
0.090431
0.085416
0.080402
0.075387
0.070373
0.065358
0.060344
0.066126
0.075866
0.085606
0.095347
0.10509
0.11483
0.12457
0.13431
0.14384
0.14927
0.1547
0.16013
0.16556
0.171
0.17643
0.18186
0.18729
0.19272
0.19815
0.20594
0.21312
0.2203
0.22748
0.23466
0.24185
0.24903
0.25621
0.26343
0.27065
0.27788
0.2851
0.29232
0.29954
0.30676
0.31398
0.3212
0.32843
0.33565
0.31886
0.31368
0.30851
0.30333
0.29815
0.29297
0.2878
0.2873
0.28693
0.28655
0.28617
0.28579
0.28541
0.28503
0.28465
0.28427
0.2839
0.28352
0.29522
0.30229
0.30935
0.31641
0.32347
0.33053
0.33759
0.33346
0.3273
0.32114
0.31498
0.30882
0.30266
0.2965
0.29034
0.28418
0.27802
0.27186
0.2657
0.27568
0.27683
0.27798
0.27914
0.28029
0.28145
0.28574
0.29228
0.29882
0.30536
0.31189
0.31843
0.32497
0.33151
0.33805
0.34459
0.35112
0.35766
0.37065
0.38067
0.39069
0.40071
0.41074
0.42076
0.43247
0.44633
0.46019
0.47405
0.48791
0.50177
0.51563
0.52949
0.54336
0.55722
0.57108
0.58494
0.5988
0.58427
0.58645
0.58864
0.59082
0.593
0.59633
0.60284
0.60935
0.61586
0.62237
0.62889
0.6354
0.64191
0.64842
0.65493
0.66144
0.66796
0.67447
0.65118
0.64494
0.6387
0.63245
0.62621
0.62007
0.61701
0.61395
0.61088
0.60782
0.60476
0.6017
0.59863
0.59557
0.59251
0.58944
0.58638
0.58332
0.60011
0.60527
0.61043
0.61558
0.62074
0.6259
0.62597
0.6249
0.62383
0.62276
0.62169
0.62062
0.61955
0.61848
0.61741
0.61633
0.61526
0.61419
0.63491
0.64339
0.65188
0.66036
0.66884
0.67733
0.68504
0.6923
0.69956
0.70682
0.71408
0.72134
0.7286
0.73586
0.74312
0.75038
0.75764
0.7649
0.76053
0.76211
0.7637
0.76528
0.76687
0.76845
0.77054
0.77321
0.77589
0.77857
0.78124
0.78392
0.7866
0.78927
0.79195
0.79463
0.7973
0.79998
0.80451
0.80823
0.81195
0.81567
0.81939
0.82311
0.82676
0.83024
0.83372
0.83721
0.84069
0.84418
0.84766
0.85114
0.85463
0.85811
0.86159
0.86508
0.86856
0.88951
0.90029
0.91107
0.92185
0.93262
0.94303
0.95051
0.95799
0.96547
0.97295
0.98043
0.98792
0.9954
1.0029
1.0104
1.0178
1.0253
1.0328
1.0304
1.0332
1.0359
1.0387
1.0414
1.0442
1.0486
1.053
1.0575
1.0619
1.0664
1.0708
1.0753
1.0797
1.0842
1.0886
1.0931
1.0976
1.102
1.0999
1.102
1.1042
1.1063
1.1084
1.11
1.1115
1.1129
1.1144
1.1158
1.1172
1.1187
1.1201
1.1215
1.123
1.1244
1.1259
1.1273
1.1257
1.1261
1.1264
1.1267
1.1271
1.1277
1.1286
1.1294
1.1302
1.1311
1.1319
1.1327
1.1336
1.1344
1.1352
1.136
1.1369
1.1384
1.1396
1.1408
1.142
1.1432
1.1444
1.1431
1.1387
1.1343
1.1299
1.1255
1.121
1.1166
1.1122
1.1078
1.1034
1.0989
1.0945
1.0901
1.0995
1.1006
1.1017
1.1027
1.1038
1.1035
1.0992
1.095
1.0907
1.0864
1.0822
1.0779
1.0737
1.0694
1.0652
1.0609
1.0567
1.0524
1.06
1.0606
1.0612
1.0618
1.0624
1.0626
1.0588
1.0551
1.0514
1.0476
1.0439
1.0401
1.0364
1.0327
1.0289
1.0252
1.0214
1.0177
1.0258
1.027
1.0282
1.0294
1.0305
1.0317
1.0333
1.0349
1.0365
1.0382
1.0398
1.0414
1.043
1.0447
1.0463
1.0479
1.0495
1.0512
1.0511
1.052
1.0529
1.0537
1.0546
1.0555
1.0513
1.0453
1.0394
1.0334
1.0274
1.0215
1.0155
1.0096
1.0036
0.99764
0.99168
0.98572
0.97362
0.96499
0.95635
0.94771
0.93908
0.93044
0.9246
0.92081
0.91702
0.91323
0.90944
0.90565
0.90185
0.89806
0.89427
0.89048
0.88669
0.8829
0.8534
0.83829
0.82318
0.80807
0.79296
0.77785
0.76805
0.766
0.76394
0.76188
0.75983
0.75777
0.75571
0.75366
0.7516
0.74955
0.74749
0.74543
0.70559
0.68569
0.66578
0.64587
0.62597
0.60606
0.58785
0.5751
0.56235
0.5496
0.53685
0.5241
0.51135
0.4986
0.48585
0.4731
0.46035
0.44761
0.46229
0.46332
0.46435
0.46538
0.46641
0.46744
0.4684
0.46832
0.46825
0.46818
0.4681
0.46803
0.46796
0.46788
0.46781
0.46774
0.46766
0.46759
0.49104
0.50292
0.51479
0.52666
0.53853
0.55041
0.56228
0.57066
0.57862
0.58658
0.59455
0.60251
0.61048
0.61844
0.6264
0.63437
0.64233
0.64614
0.64986
0.65358
0.65729
0.66101
0.66472
0.66844
0.67216
0.67825
0.68524
0.69224
0.69924
0.70623
0.71323
0.72023
0.72722
0.73422
0.74121
0.74988
0.75857
0.76725
0.77594
0.78463
0.79332
0.80201
0.8107
0.81983
0.82933
0.83883
0.84833
0.85783
0.86733
0.87683
0.88633
0.89583
0.90533
0.90108
0.89761
0.89413
0.89066
0.88719
0.88372
0.88025
0.87678
0.87252
0.86697
0.86143
0.85588
0.85034
0.8448
0.83925
0.83371
0.82816
0.82262
0.80482
0.786
0.76718
0.74836
0.72954
0.71072
0.6919
0.67309
0.65483
0.63866
0.62249
0.60632
0.59015
0.57398
0.55781
0.54164
0.52547
0.5093
0.50113
0.49452
0.48791
0.4813
0.47469
0.46808
0.46147
0.45486
0.4482
0.44039
0.43258
0.42476
0.41695
0.40914
0.40132
0.39351
0.3857
0.37789
0.37238
0.36753
0.36267
0.35782
0.35297
0.34811
0.34326
0.3384
0.33355
0.32791
0.32215
0.31639
0.31063
0.30486
0.2991
0.29334
0.28758
0.28182
0.27654
0.27142
0.26629
0.26116
0.25604
0.25091
0.24578
0.24065
0.23553
0.23577
0.23832
0.24087
0.24342
0.24597
0.24852
0.25106
0.25361
0.25655
0.25661
0.25668
0.25675
0.25682
0.25689
0.25695
0.25702
0.25709
0.25716
0.25928
0.26322
0.26716
0.2711
0.27504
0.27898
0.28292
0.28686
0.29097
0.29114
0.29131
0.29149
0.29166
0.29184
0.29201
0.29219
0.29236
0.29254
0.29218
0.29085
0.28953
0.28821
0.28689
0.28557
0.28425
0.28293
0.28176
0.28887
0.29599
0.3031
0.31021
0.31732
0.32444
0.33155
0.33866
0.34578
0.353
0.36069
0.36839
0.37608
0.38378
0.39148
0.39917
0.40687
0.41525
0.41867
0.42209
0.42551
0.42893
0.43236
0.43578
0.4392
0.44262
0.44604
0.44936
0.44745
0.44553
0.44361
0.4417
0.43978
0.43786
0.43594
0.4302
0.43688
0.44356
0.45024
0.45691
0.46359
0.47027
0.47695
0.48363
0.49031
0.49698
0.49515
0.49177
0.48839
0.48501
0.48164
0.47826
0.47488
0.4715
0.46796
0.46378
0.45961
0.45543
0.45126
0.44708
0.44291
0.43873
0.43456
0.43039
0.42461
0.41807
0.41153
0.40499
0.39845
0.39191
0.38537
0.37883
0.37406
0.35795
0.34184
0.32573
0.30961
0.2935
0.27739
0.26128
0.24516
0.22905
0.21519
0.20353
0.19186
0.1802
0.16854
0.15688
0.14522
0.13356
0.1219
0.11935
0.12291
0.12647
0.13003
0.13359
0.13715
0.14071
0.14427
0.14783
0.15174
0.15634
0.16094
0.16554
0.17014
0.17474
0.17934
0.18394
0.18972
0.18562
0.18152
0.17742
0.17332
0.16922
0.16512
0.16103
0.15693
0.15283
0.14761
0.13668
0.12576
0.11483
0.1039
0.092977
0.08205
0.071124
0.060236
0.046105
0.031975
0.017844
0.003714
-0.010416
-0.024547
-0.038677
-0.052808
-0.066938
-0.081068
-0.10131
-0.12159
-0.14187
-0.16215
-0.18244
-0.20272
-0.223
